Amb_a_1.0101_2	Amb_a_1.0401_2	0.632484,3.13541,1.4544,2.19672,1.67076,1.29947,1.99845,3.65772,1.39209,2.02916,3.78855,2.91004,2.38077,1.53707,0.221135,2.43956	5.70999,2.11123,3.60667,1.51282,2.96973,2.21937,11.6569,17.3579,3.6381,2.18225,2.89973,1.2362,2.79855,23.8328,2.43062,6.37867
Amb_a_1.0101_3	Amb_a_1.0201_3	5.75892,7.41183,2.60622,3.42433,0.727661,18.3741,2.68175,2.26073,8.84395,2.57386,2.18249,8.85469,32.0938,5.73082	3.37693,8.06188,0.211755,0.279736,2.95994,73.8498,6.54583,0.844258,0.14727,0.581523,0.157704,8.05026,1.21249,5.60851
Amb_a_1.0101_3	Amb_a_1.0304_3	5.75892,7.41183,2.60622,3.42433,18.3741,2.68175,2.26073,8.84395,2.57386,2.18249,8.85469,32.0938,5.73082	16.0058,10.01,0.124403,0.144366,25.2599,1.29743,1.03783,0.103448,0.0644224,0.233934,5.16835,1.2369,6.14805
Amb_a_1.0101_3	Amb_a_1.0401_3	5.75892,7.41183,2.60622,3.42433,0.727661,18.3741,2.68175,2.26073,8.84395,2.57386,2.18249,8.85469,32.0938,5.73082	4.68071,4.3255,2.65584,3.49697,2.34369,5.40198,3.13282,2.79011,3.64589,1.32278,1.67113,3.02681,2.82309,10.7798
Amb_a_1.0101_3	Amb_a_1.0501_3	5.75892,7.41183,2.60622,3.42433,0.727661,18.3741,2.68175,2.26073,8.84395,2.57386,2.18249,8.85469,32.0938,5.73082	4.27273,11.4339,0.477432,0.292332,2.79454,5.26528,1.07695,1.05071,0.210901,0.655964,0.81495,10.6663,19.1734,2.1003
Amb_a_1.0101_4	Amb_a_1.0201_4	1.08949,6.10002,1.63607,3.51941,2.6456,1.15446,3.43354,1.44787,2.44723,3.41921,2.52194,5.04471,13.1543,1.04044,4.52579	3.44799,2.82173,2.48421,2.39792,11.3448,3.65524,2.54686,3.30624,1.94109,2.44325,1.5195,5.05863,11.9567,4.04699,6.4507
Amb_a_1.0101_4	Amb_a_1.0304_4	1.08949,6.10002,3.51941,2.6456,3.43354,1.44787,2.44723,3.41921,2.52194,5.04471,13.1543,0.739726,4.52579	11.8577,2.88884,8.93486,4.71065,8.05084,3.50486,1.99342,2.21693,1.23596,4.52818,27.6468,3.67112,10.4907
Amb_a_1.0101_4	Amb_a_1.0401_4	6.10002,3.51941,2.6456,3.43354,1.44787,2.44723,3.41921,2.52194,5.04471,13.1543,4.52579	1.40874,0.971381,1.39505,2.72373,2.26154,1.1741,1.08491,0.794208,1.71594,1.29558,2.58415
Amb_a_1.0101_5	Amb_a_1.0304_5	1.60032,5.07208,1.84332,1.38074,1.40725,13.3088,1.42057,2.49995,4.8458,2.29091,1.93009,6.4307,25.112,0.618395,1.81953	15.1346,3.44854,3.42575,5.53873,2.68686,5.52235,4.26845,6.57174,1.93918,0.990526,4.22149,2.89451,22.2264,3.66043,10.4763
Amb_a_1.0101_6	Amb_a_1.0201_6	0.635669,5.46361,53.7836,2.36173,5.72332,1.00223,26.7618,2.62611,3.99723,4.24244,2.80066,2.13636,11.2073,2.06435,8.59699	2.38826,2.97964,39.8737,1.96652,7.73522,2.70336,17.5897,4.39145,2.88721,2.76354,2.03101,2.33376,6.25478,3.07024,10.984
Amb_a_1.0101_6	Amb_a_1.0304_6	0.635669,5.46361,53.7836,2.36173,5.72332,26.7618,2.62611,1.97894,3.99723,4.24244,2.80066,2.13636,11.2073,2.06435,8.59699	7.02227,4.61858,33.8487,3.54225,7.66761,12.3986,5.87418,3.57904,2.45517,2.3727,2.91448,2.55419,6.37317,1.63185,28.6599
Amb_a_1.0101_6	Amb_a_1.0401_6	5.46361,0.934688,53.7836,2.36173,5.72332,26.7618,2.62611,3.99723,4.24244,2.80066,2.13636,11.2073,2.06435,8.59699	4.18367,4.64925,37.6859,1.66373,5.33317,17.0382,5.38388,3.12014,3.36422,2.9693,2.85435,4.01187,2.53697,15.84
Amb_a_1.0101_6	Amb_a_1.0501_6	0.635669,5.46361,53.7836,2.36173,1.46009,5.72332,26.7618,2.62611,1.97894,3.99723,4.24244,2.80066,2.13636,11.2073,2.06435,8.59699	4.98975,4.37556,91.4926,1.83946,2.25212,4.58754,16.1976,4.85127,2.55154,1.71363,4.4656,3.30933,3.80461,4.44781,3.34372,6.07717
Amb_a_1.0101_8	Amb_a_1.0201_8	5.98001,62.4623,3.04265,3.04145,22.4571,8.27596,2.11265,3.68009,2.68808,1.18154,5.80392	4.19911,47.9684,2.93362,2.28941,13.2316,11.5304,0.846264,2.93224,2.36446,9.15911,7.30858
Amb_a_1.0101_8	Amb_a_1.0304_8	0.487261,5.98001,62.4623,0.736133,3.04265,3.04145,22.4571,8.27596,2.11265,3.68009,2.68808,1.18154,5.80392	2.14037,4.19454,39.4359,3.80546,3.34937,1.6376,10.7135,14.3073,2.84765,2.65452,4.88127,5.89308,18.0161
Amb_a_1.0101_8	Amb_a_1.0401_8	5.98001,0.978982,62.4623,3.04265,3.04145,22.4571,8.27596,2.11265,3.68009,2.68808,0.95231,1.18154,5.80392	3.82643,5.72915,35.688,4.21007,1.04752,15.8353,21.2418,1.93406,2.54872,4.43386,2.79855,3.21359,17.1957
Amb_a_1.0101_11	Amb_a_1.0201_11	19.054,7.78148,1.60744,14.1891,2.04248,24.6768,1.07942,6.19304,6.89309,4.85546,4.145,4.23748,2.14995,3.22131,29.4467	26.1527,8.28887,3.30837,0.875622,1.60893,27.4255,4.51018,5.95813,7.15976,2.09793,3.50384,7.09105,11.6789,1.70492,14.2517
Amb_a_1.0101_11	Amb_a_1.0304_11	19.054,7.78148,14.1891,2.04248,24.6768,6.19304,6.89309,4.85546,4.145,4.23748,2.14995,3.22131,29.4467	29.2507,6.58417,5.16154,5.5581,7.70159,7.71999,6.53595,2.72671,1.84532,3.97832,2.22222,2.10963,47.9822
Amb_a_1.0101_11	Amb_a_1.0401_11	19.054,7.78148,1.60744,14.1891,2.04248,24.6768,6.19304,6.89309,4.85546,4.145,4.23748,2.14995,3.22131,29.4467	4.24685,6.61952,2.16637,1.37607,1.47386,8.36337,4.13407,3.38154,2.11155,1.88924,1.53913,3.29342,1.47608,24.8909
Amb_a_1.0101_11	Amb_a_1.0501_11	19.054,7.78148,1.60744,14.1891,2.04248,24.6768,6.19304,6.89309,4.85546,4.145,4.23748,2.14995,3.22131,29.4467	22.2066,9.65396,3.69571,14.1542,2.3602,19.3462,4.63686,6.25032,3.80792,4.01887,10.8627,2.94204,3.6373,31.1932
Amb_a_1.0101_12	Amb_a_1.0304_12	5.69283,5.918,52.4151,1.19424,1.52324,2.05441,2.00563,1.37405,11.7856,0.938525,0.935687,23.0058	11.5972,4.98701,14.9518,2.09872,2.84269,4.58055,4.4843,3.02428,5.62925,3.8791,2.81866,3.98164
Amb_a_1.0101_12	Amb_a_1.0501_12	5.69283,5.918,0.49005,0.603123,52.4151,2.05441,2.00563,1.40676,11.7856,0.938525,23.0058	23.8289,5.54434,2.10945,2.0472,34.4626,2.63946,2.76344,4.69289,14.2879,2.32992,23.1861
Amb_a_1.0101_14	Amb_a_1.0201_14	3.62048,3.62048,3.00929,3.00929,3.08821,3.08821,2.8519,2.8519,3.00692,3.00692,1.74507,1.74507,1.43852,1.43852,2.44354,2.44354	3.94359,3.94359,3.0026,3.0026,3.07265,3.07265,3.066,3.066,3.30766,3.30766,3.0736,3.0736,2.41803,2.41803,5.59189,5.59189
Amb_a_1.0101_14	Amb_a_1.0401_14	3.62048,3.62048,3.00929,3.00929,3.08821,3.08821,2.8519,2.8519,3.00692,3.00692,1.74507,1.74507,1.43852,1.43852,2.44354,2.44354	3.94359,3.94359,3.0026,3.0026,3.07265,3.07265,3.066,3.066,3.30766,3.30766,3.0736,3.0736,2.41803,2.41803,5.59189,5.59189
Amb_a_1.0101_14	Amb_a_1.0304_14	3.62048,3.00929,3.08821,2.8519,3.00692,1.74507,1.43852,2.44354	9.74801,4.11275,2.76353,3.67613,4.72907,6.522,5.1168,2.92743
Amb_a_1.0101_14	Amb_a_1.0501_14	3.62048,3.00929,1.9916,3.08821,2.8519,3.00692,2.44354	1.82894,2.14229,3.01225,6.10675,2.36456,1.74101,2.15539
Amb_a_1.0101_15	Amb_a_1.0201_15	4.32741,3.04985,2.04992,1.68773,4.16457,2.29686,3.43553,3.38469,1.78849,1.86495,2.04232,5.62705,2.35283	5.38504,2.22352,3.54867,2.34786,1.81245,1.51135,2.46108,1.86959,2.00408,2.54173,1.77093,0.936475,2.46062
Amb_a_1.0101_15	Amb_a_1.0304_15	4.32741,3.04985,2.04992,0.987562,4.16457,2.29686,3.43553,3.38469,1.86495,2.04232,5.62705,1.42346,2.35283	27.859,4.12228,5.66894,3.74627,3.3321,4.25615,5.01869,2.66132,3.1305,5.03312,1.70492,2.61892,3.2698
Amb_a_1.0101_15	Amb_a_1.0401_15	4.32741,3.04985,2.04992,4.16457,2.29686,3.43553,3.38469,2.04232,5.62705,2.35283	1.37958,1.24576,2.46632,0.678245,0.504208,2.56468,1.60717,0.792237,1.90171,1.11838
Amb_a_1.0101_15	Amb_a_1.0501_15	4.32741,3.04985,2.04992,4.16457,2.29686,3.43553,3.38469,2.04232,5.62705,2.35283	1.78173,5.17073,4.6526,6.70793,1.39275,1.48167,1.51449,1.89512,1.07787,2.75902
Amb_a_1.0101_16	Amb_a_1.0201_16	1.37467,2.79398,4.3513,22.5923,1.57547,1.6482,4.44791,4.90112,34.2325,28.8109,1.182	3.0494,0.959422,9.1601,4.27601,2.01127,4.62787,2.84582,4.97526,32.9446,25.3162,4.65657
Amb_a_1.0101_16	Amb_a_1.0401_16	1.37467,2.79398,4.3513,22.5923,1.57547,1.31244,1.6482,4.44791,4.90112,34.2325,28.8109,0.530715,1.44603	4.02941,3.96588,5.49554,17.8146,3.78645,2.28915,6.53749,3.32181,4.58373,44.8471,13.6721,2.53608,4.23973
Amb_a_1.0101_16	Amb_a_1.0501_16	0.91051,1.62026,2.79398,4.3513,22.5923,4.44791,4.90112,34.2325,28.8109,1.44603	11.8394,6.12296,0.980431,6.28724,2.45121,3.47989,2.9785,58.8607,28.6734,4.49925
Amb_a_1.0101_17	Amb_a_1.0201_17	0.890764,2.25392,1.29964,1.08852,3.4588,1.80073,14.158,1.49604,28.2595,1.38477,1.75501,4.00092,3.62948,0.765504,20.6803,3.79425,1.25049,2.21792,2.76661	2.6138,4.5488,4.28642,3.73333,1.73168,3.44508,137.234,2.48055,25.472,3.90378,2.04704,0.647988,3.46467,2.60365,16.5625,5.76636,10.2458,1.13045,35.693
Amb_a_1.0101_17	Amb_a_1.0401_17	2.25392,1.29964,3.4588,14.158,28.2595,1.38477,4.00092,3.62948,20.6803,3.79425,2.21792,2.76661	2.19475,2.82572,3.41277,5.90743,11.2211,2.96117,3.17344,1.4216,20.0819,4.19741,3.65772,1.72065
Amb_a_1.0101_17	Amb_a_1.0501_17	0.890764,2.25392,1.08852,3.4588,14.158,28.2595,1.75501,4.00092,3.62948,20.6803,3.79425,2.21792,2.76661	2.98906,1.9263,3.08374,2.90256,2.43264,2.08272,2.17568,1.35136,2.39459,3.73347,3.17677,3.42825,0.811966
Amb_a_1.0201_1	Amb_a_1.0304_1	1.34569,1.12407,1.08419,1.42807,1.90413,2.38177,3.11645,1.77635,1.07053,2.45043,1.51652,1.12693,4.68077,2.97087	4.77541,4.80832,2.09097,2.14103,3.76408,3.47848,11.8913,2.95508,2.78463,1.88464,3.01958,3.62283,2.52516,12.566
Amb_a_1.0201_3	Amb_a_1.0401_3	3.37693,8.06188,0.211755,0.279736,2.95994,73.8498,6.54583,0.844258,0.14727,8.05026,1.21249,5.60851	4.68071,4.3255,2.65584,3.49697,2.34369,5.40198,3.13282,2.79011,3.64589,3.02681,2.82309,10.7798
Amb_a_1.0201_3	Amb_a_1.0501_3	3.37693,8.06188,2.95994,73.8498,6.54583,8.05026,1.21249,5.60851	4.27273,11.4339,2.79454,5.26528,1.07695,10.6663,19.1734,2.1003
Amb_a_1.0201_4	Amb_a_1.0304_4	3.44799,2.82173,2.48421,2.39792,11.3448,3.65524,2.54686,3.30624,2.44325,5.05863,11.9567,1.01347,4.04699,6.4507	11.8577,2.88884,1.04615,8.93486,4.71065,0.547632,8.05084,3.50486,2.21693,4.52818,27.6468,3.67112,1.07884,10.4907
Amb_a_1.0201_4	Amb_a_1.0401_4	3.44799,2.82173,2.48421,2.39792,11.3448,3.65524,2.54686,3.30624,2.44325,5.05863,11.9567,4.04699,6.4507	0.884151,1.40874,0.861111,0.971381,1.39505,0.983154,2.72373,2.26154,1.08491,1.71594,1.29558,1.4681,2.58415
Amb_a_1.0201_4	Amb_a_1.0501_4	3.44799,2.82173,2.48421,2.39792,11.3448,3.65524,2.54686,3.30624,1.94109,2.44325,5.05863,11.9567,4.04699,6.4507	3.54409,2.29204,2.54187,2.00479,0.967953,1.05201,2.08115,1.92196,2.02974,1.83019,3.0491,4.78956,3.01298,1.96305
Amb_a_1.0201_5	Amb_a_1.0304_5	3.96395,2.00402,2.41779,1.9792,3.47167,2.42254,2.71753,2.51626,3.18424,2.43391,2.84769,1.36082,26.9013,0.811448,4.9315	15.1346,3.44854,3.42575,5.53873,2.68686,0.926511,5.52235,4.26845,6.57174,1.93918,4.22149,2.89451,22.2264,3.66043,10.4763
Amb_a_1.0201_5	Amb_a_1.0501_5	3.96395,2.00402,2.41779,3.47167,2.42254,2.71753,2.51626,3.18424,2.43391,2.84769,1.36082,26.9013,1.6045,4.9315	3.61791,1.58556,1.48755,1.16439,1.25599,1.62032,0.838454,1.46898,1.71782,0.773855,2.87976,4.59596,2.12681,1.91905
Amb_a_1.0201_6	Amb_a_1.0304_6	2.38826,2.97964,39.8737,1.96652,7.73522,2.70336,17.5897,4.39145,1.27607,2.88721,2.76354,2.03101,2.33376,6.25478,3.07024,10.984	7.02227,4.61858,33.8487,3.54225,7.66761,0.842678,12.3986,5.87418,3.57904,2.45517,2.3727,2.91448,2.55419,6.37317,1.63185,28.6599
Amb_a_1.0201_6	Amb_a_1.0401_6	2.38826,2.97964,1.89436,39.8737,7.73522,2.70336,17.5897,4.39145,2.88721,2.76354,2.03101,2.33376,6.25478,3.07024,10.984	1.07578,4.18367,4.64925,37.6859,5.33317,1.35423,17.0382,5.38388,3.12014,3.36422,2.9693,2.85435,4.01187,2.53697,15.84
Amb_a_1.0201_6	Amb_a_1.0501_6	2.38826,2.97964,39.8737,1.51553,7.73522,2.70336,17.5897,4.39145,1.27607,2.88721,2.76354,2.03101,2.33376,6.25478,3.07024,10.984	4.98975,4.37556,91.4926,2.25212,4.58754,1.23039,16.1976,4.85127,2.55154,1.71363,4.4656,3.30933,3.80461,4.44781,3.34372,6.07717
Amb_a_1.0201_8	Amb_a_1.0304_8	0.342259,4.19911,47.9684,0.566066,2.93362,2.28941,13.2316,11.5304,0.846264,2.93224,2.36446,9.15911,7.30858	2.14037,4.19454,39.4359,3.80546,3.34937,1.6376,10.7135,14.3073,2.84765,2.65452,4.88127,5.89308,18.0161
Amb_a_1.0201_8	Amb_a_1.0401_8	4.19911,0.471485,47.9684,2.93362,2.28941,13.2316,11.5304,2.93224,2.36446,0.79768,9.15911,7.30858	3.82643,5.72915,35.688,4.21007,1.04752,15.8353,21.2418,2.54872,4.43386,2.79855,3.21359,17.1957
Amb_a_1.0201_9	Amb_a_1.0304_9	1.61723,2.92188,4.31612,1.32982,1.05706,8.97167,2.15653,1.36448,2.73969,6.02719,1.23569,5.39623,8.07394	3.07454,1.67955,4.43226,3.14359,4.74296,0.849377,3.45653,2.14489,2.88656,2.34906,3.40642,1.56525,7.67428
Amb_a_1.0201_9	Amb_a_1.0401_9	2.92188,4.31612,1.32982,8.97167,1.56055,2.15653,1.89368,2.73969,6.02719,5.39623,8.07394	3.34889,3.37182,13.8205,1.4401,11.9784,7.98462,2.97471,2.87174,2.72168,2.11688,7.60861
Amb_a_1.0201_9	Amb_a_1.0501_9	1.61723,2.92188,4.31612,1.32982,1.05706,8.97167,1.56055,2.15653,2.73969,6.02719,5.39623,8.07394	2.70882,2.89288,1.71187,4.55665,2.25799,1.91335,4.63082,1.27729,4.26052,2.0404,3.56693,1.86777
Amb_a_1.0201_11	Amb_a_1.0304_11	26.1527,8.28887,3.30837,0.875622,1.60893,27.4255,4.51018,5.95813,7.15976,2.09793,3.50384,7.09105,11.6789,1.70492,14.2517	29.2507,6.58417,1.64438,5.16154,5.5581,7.70159,1.4014,7.71999,6.53595,2.72671,1.84532,3.97832,2.22222,2.10963,47.9822
Amb_a_1.0201_11	Amb_a_1.0401_11	26.1527,8.28887,3.30837,27.4255,4.51018,5.95813,7.15976,2.09793,3.50384,7.09105,11.6789,14.2517	4.24685,6.61952,2.16637,8.36337,1.69262,4.13407,3.38154,2.11155,1.88924,1.53913,3.29342,24.8909
Amb_a_1.0201_11	Amb_a_1.0501_11	26.1527,8.28887,3.30837,0.875622,1.60893,27.4255,4.51018,5.95813,7.15976,2.09793,3.50384,7.09105,11.6789,1.70492,14.2517	22.2066,9.65396,3.69571,14.1542,2.3602,19.3462,1.84586,4.63686,6.25032,3.80792,4.01887,10.8627,2.94204,3.6373,31.1932
Amb_a_1.0201_12	Amb_a_1.0501_12	19.3562,2.83499,1.21642,1.64706,16.3662,2.39263,2.75467,2.96609,1.46678,30.2585,1.64139,12.261,3.67172	23.8289,5.54434,2.10945,2.0472,34.4626,1.2805,2.63946,2.76344,4.69289,14.2879,2.32992,1.65221,23.1861
Amb_a_1.0201_13	Amb_a_1.0304_13	2.5095,4.30759,2.31654,2.24876,4.53002,4.51983,2.38798,2.30424,1.06089,2.63149,9.32398,2.10856,3.39125	3.80503,4.64925,2.29952,39.8632,3.42105,1.4404,2.77928,1.98966,2.80336,3.7086,4.7648,2.0322,2.69968
Amb_a_1.0201_14	Amb_a_1.0401_14	3.94359,3.94359,3.0026,3.0026,3.07265,3.07265,3.066,3.066,3.30766,3.30766,3.0736,3.0736,2.41803,2.41803,5.59189,5.59189	3.94359,3.94359,3.0026,3.0026,3.07265,3.07265,3.066,3.066,3.30766,3.30766,3.0736,3.0736,2.41803,2.41803,5.59189,5.59189
Amb_a_1.0201_14	Amb_a_1.0304_14	3.94359,3.94359,3.0026,3.0026,3.07265,3.07265,3.066,3.066,3.30766,3.30766,3.0736,3.0736,2.41803,2.41803,5.59189,5.59189	9.74801,9.74801,4.11275,4.11275,2.76353,2.76353,3.67613,3.67613,4.72907,4.72907,6.522,6.522,5.1168,5.1168,2.92743,2.92743
Amb_a_1.0201_14	Amb_a_1.0501_14	3.94359,3.94359,3.0026,3.0026,1.44815,1.44815,3.07265,3.07265,3.066,3.066,3.30766,3.30766,3.0736,3.0736,2.41803,2.41803,5.59189,5.59189	1.82894,1.82894,2.14229,2.14229,3.01225,3.01225,6.10675,6.10675,2.36456,2.36456,1.74101,1.74101,1.95524,1.95524,0.661885,0.661885,2.15539,2.15539
Amb_a_1.0201_15	Amb_a_1.0304_15	5.38504,2.22352,3.54867,1.25124,2.34786,1.81245,1.51135,2.46108,1.86959,2.00408,2.54173,1.77093,1.98159,2.46062	27.859,4.12228,5.66894,3.74627,1.58606,3.3321,4.25615,5.01869,2.66132,1.63114,3.1305,5.03312,2.61892,3.2698
Amb_a_1.0201_15	Amb_a_1.0501_15	5.38504,2.22352,3.54867,2.34786,1.81245,2.46108,2.46062	1.78173,5.17073,4.6526,0.857298,6.70793,1.48167,2.75902
Amb_a_1.0201_16	Amb_a_1.0304_16	0.63783,1.16367,3.0494,0.959422,9.1601,4.27601,2.01127,0.923607,4.62787,2.84582,4.97526,32.9446,25.3162,4.65657,1.75256	3.14134,2.52062,1.50934,4.90317,1.73443,11.0194,1.31889,2.35102,1.26458,2.12499,4.3799,2.20159,25.7065,2.86898,5.58376
Amb_a_1.0201_16	Amb_a_1.0401_16	3.0494,0.959422,9.1601,4.27601,2.01127,0.923607,4.62787,2.84582,4.97526,32.9446,25.3162,4.65657,1.09447,1.75256	4.02941,3.96588,5.49554,17.8146,3.78645,2.28915,6.53749,3.32181,4.58373,44.8471,13.6721,1.79665,2.53608,4.23973
Amb_a_1.0201_16	Amb_a_1.0501_16	0.63783,1.16367,3.0494,9.1601,4.27601,2.01127,4.62787,2.84582,4.97526,32.9446,25.3162,4.65657,1.75256	11.8394,6.12296,1.33482,6.28724,2.45121,1.9721,1.5195,3.47989,2.9785,58.8607,28.6734,0.512953,4.49925
Amb_a_1.0201_17	Amb_a_1.0401_17	2.6138,4.5488,4.28642,3.73333,1.73168,3.44508,137.234,2.48055,25.472,3.90378,2.04704,0.647988,3.46467,2.60365,16.5625,5.76636,10.2458,1.13045,35.693	1.2859,2.19475,2.82572,1.2735,3.41277,1.59812,5.90743,0.981282,11.2211,2.96117,1.52148,3.17344,1.4216,1.22602,20.0819,4.19741,1.76794,3.65772,1.72065
Amb_a_1.0201_17	Amb_a_1.0501_17	2.6138,4.5488,4.28642,3.73333,1.73168,3.44508,137.234,2.48055,25.472,3.90378,2.04704,3.46467,2.60365,16.5625,5.76636,10.2458,1.13045,35.693	2.98906,1.9263,1.72646,3.08374,2.90256,1.45525,2.43264,0.566436,2.08272,1.3804,2.17568,2.39459,1.25914,3.73347,3.17677,1.35492,3.42825,0.811966
Amb_a_1.0304_3	Amb_a_1.0401_3	16.0058,10.01,0.124403,0.144366,1.99151,25.2599,1.29743,1.03783,0.103448,5.16835,1.2369,6.14805	4.68071,4.3255,2.65584,3.49697,2.34369,5.40198,3.13282,2.79011,3.64589,3.02681,2.82309,10.7798
Amb_a_1.0304_3	Amb_a_1.0501_3	16.0058,10.01,1.99151,25.2599,5.16835,1.2369,6.14805	4.27273,11.4339,2.79454,5.26528,10.6663,19.1734,2.1003
Amb_a_1.0304_4	Amb_a_1.0401_4	11.8577,2.88884,8.93486,4.71065,8.05084,3.50486,2.21693,4.52818,27.6468,3.67112,10.4907	0.884151,1.40874,0.971381,1.39505,2.72373,2.26154,1.08491,1.71594,1.29558,1.01914,2.58415
Amb_a_1.0304_4	Amb_a_1.0501_4	11.8577,2.88884,1.04615,8.93486,4.71065,8.05084,3.50486,1.99342,2.21693,4.52818,27.6468,3.67112,1.07884,10.4907	3.54409,2.29204,2.54187,2.00479,0.967953,2.08115,1.92196,2.02974,1.83019,3.0491,4.78956,0.92487,3.01298,1.96305
Amb_a_1.0304_5	Amb_a_1.0401_5	15.1346,3.44854,3.42575,5.53873,2.68686,5.52235,4.26845,6.57174,4.22149,2.89451,22.2264,3.66043,10.4763	0.707424,2.1404,4.33055,2.67144,1.83812,2.09184,3.28388,1.60298,0.849448,1.67971,5.38727,0.911483,1.47896
Amb_a_1.0304_5	Amb_a_1.0501_5	15.1346,3.44854,3.42575,5.53873,2.68686,5.52235,4.26845,6.57174,4.22149,2.89451,22.2264,3.66043,1.38061,10.4763	3.61791,1.58556,1.48755,1.76558,1.16439,1.62032,0.838454,1.46898,0.773855,2.87976,4.59596,1.87047,2.12681,1.91905
Amb_a_1.0304_6	Amb_a_1.0401_6	7.02227,4.61858,1.94485,33.8487,3.54225,7.66761,12.3986,5.87418,3.57904,2.45517,2.3727,2.91448,2.55419,6.37317,1.63185,28.6599	1.07578,4.18367,4.64925,37.6859,1.66373,5.33317,17.0382,5.38388,1.4188,3.12014,3.36422,2.9693,2.85435,4.01187,2.53697,15.84
Amb_a_1.0304_6	Amb_a_1.0501_6	7.02227,4.61858,33.8487,3.54225,1.0978,7.66761,12.3986,5.87418,3.57904,2.45517,2.3727,2.91448,2.55419,6.37317,1.63185,28.6599	4.98975,4.37556,91.4926,1.83946,2.25212,4.58754,16.1976,4.85127,2.55154,1.71363,4.4656,3.30933,3.80461,4.44781,3.34372,6.07717
Amb_a_1.0304_8	Amb_a_1.0401_8	2.14037,4.19454,1.53626,39.4359,3.80546,3.34937,10.7135,14.3073,2.84765,2.65452,4.88127,1.29986,5.89308,18.0161	1.43334,3.82643,5.72915,35.688,1.97138,4.21007,15.8353,21.2418,1.93406,2.54872,4.43386,2.79855,3.21359,17.1957
Amb_a_1.0304_9	Amb_a_1.0401_9	3.07454,1.67955,4.43226,3.14359,4.74296,1.48247,3.45653,1.76176,2.14489,2.88656,2.34906,3.40642,1.56525,7.67428	1.08451,3.34889,3.37182,13.8205,1.47441,11.9784,7.98462,2.97471,1.16772,2.87174,2.72168,1.68182,2.11688,7.60861
Amb_a_1.0304_9	Amb_a_1.0501_9	3.07454,1.67955,4.43226,3.14359,4.74296,1.48247,3.45653,2.14489,2.88656,2.34906,3.40642,1.56525,7.67428	2.70882,2.89288,1.71187,4.55665,2.25799,4.63082,1.27729,1.29563,4.26052,2.0404,0.800518,3.56693,1.86777
Amb_a_1.0304_11	Amb_a_1.0401_11	29.2507,6.58417,1.64438,5.16154,5.5581,7.70159,7.71999,6.53595,2.72671,3.97832,2.22222,2.10963,47.9822	4.24685,6.61952,2.16637,1.37607,1.47386,8.36337,4.13407,3.38154,2.11155,1.53913,3.29342,1.47608,24.8909
Amb_a_1.0304_11	Amb_a_1.0501_11	29.2507,6.58417,1.64438,5.16154,5.5581,7.70159,7.71999,6.53595,2.72671,1.84532,3.97832,2.22222,2.10963,47.9822	22.2066,9.65396,3.69571,14.1542,2.3602,19.3462,4.63686,6.25032,3.80792,4.01887,10.8627,2.94204,3.6373,31.1932
Amb_a_1.0304_12	Amb_a_1.0401_12	11.5972,4.98701,14.9518,2.09872,2.84269,4.58055,4.4843,0.124521,5.62925,3.8791,2.81866,3.98164	3.58232,3.6152,7.89397,1.47014,3.28876,2.68453,1.50086,2.10363,9.0411,1.36752,2.78186,1.19813
Amb_a_1.0304_12	Amb_a_1.0501_12	11.5972,4.98701,1.42537,1.98402,14.9518,2.09872,2.84269,4.58055,4.4843,1.81061,5.62925,3.8791,2.81866,3.98164	23.8289,5.54434,2.10945,2.0472,34.4626,1.81764,1.2805,2.63946,2.76344,4.69289,14.2879,2.32992,1.65221,23.1861
Amb_a_1.0304_14	Amb_a_1.0401_14	9.74801,9.74801,4.11275,4.11275,2.76353,2.76353,3.67613,3.67613,4.72907,4.72907,6.522,6.522,5.1168,5.1168,2.92743,2.92743	3.94359,3.94359,3.0026,3.0026,3.07265,3.07265,3.066,3.066,3.30766,3.30766,3.0736,3.0736,2.41803,2.41803,5.59189,5.59189
Amb_a_1.0304_14	Amb_a_1.0501_14	9.74801,4.11275,1.05582,2.76353,3.67613,4.72907,6.522,5.1168,2.92743	1.82894,2.14229,3.01225,6.10675,2.36456,1.74101,1.95524,0.661885,2.15539
Amb_a_1.0304_15	Amb_a_1.0401_15	27.859,4.12228,5.66894,3.74627,3.3321,4.25615,5.01869,2.66132,5.03312,2.61892,3.2698	1.37958,1.24576,2.46632,0.783217,0.678245,0.504208,2.56468,1.60717,0.792237,1.30354,1.11838
Amb_a_1.0304_15	Amb_a_1.0501_15	27.859,4.12228,5.66894,3.74627,3.3321,4.25615,5.01869,2.66132,5.03312,2.61892,3.2698	1.78173,5.17073,4.6526,1.48259,6.70793,1.39275,1.48167,1.51449,1.89512,0.87995,2.75902
Amb_a_1.0304_16	Amb_a_1.0401_16	3.14134,2.52062,1.50934,4.90317,1.73443,11.0194,1.31889,2.35102,1.26458,2.12499,4.3799,2.20159,25.7065,2.86898,1.05845,5.58376	1.28153,1.68472,4.02941,3.96588,5.49554,17.8146,3.78645,2.28915,6.53749,3.32181,4.58373,44.8471,13.6721,1.79665,2.53608,4.23973
Amb_a_1.0304_16	Amb_a_1.0501_16	3.14134,2.52062,4.90317,1.73443,11.0194,2.35102,2.12499,4.3799,2.20159,25.7065,2.86898,5.58376	11.8394,6.12296,0.980431,6.28724,2.45121,0.787458,3.47989,2.9785,58.8607,28.6734,0.512953,4.49925
Amb_a_1.0401_3	Amb_a_1.0501_3	4.68071,4.3255,2.65584,3.49697,2.34369,5.40198,3.13282,2.79011,3.64589,3.02681,2.82309,10.7798	4.27273,11.4339,0.477432,0.292332,2.79454,5.26528,1.07695,1.05071,0.210901,10.6663,19.1734,2.1003
Amb_a_1.0401_4	Amb_a_1.0501_4	0.884151,1.40874,0.861111,0.971381,2.72373,2.26154,1.1741,1.71594,1.29558,1.4681,2.58415	3.54409,2.29204,2.54187,2.00479,2.08115,1.92196,2.02974,3.0491,4.78956,3.01298,1.96305
Amb_a_1.0401_5	Amb_a_1.0501_5	0.707424,2.1404,4.33055,2.67144,2.09184,3.28388,1.67971,5.38727,1.19052	3.61791,1.58556,1.48755,1.76558,1.62032,0.838454,2.87976,4.59596,2.12681
Amb_a_1.0401_6	Amb_a_1.0501_6	1.07578,4.18367,4.64925,37.6859,1.19383,5.33317,17.0382,5.38388,1.4188,3.12014,3.36422,2.9693,2.85435,4.01187,2.53697,15.84	4.98975,4.37556,1.51615,91.4926,2.25212,4.58754,16.1976,4.85127,2.55154,1.71363,4.4656,3.30933,3.80461,4.44781,3.34372,6.07717
Amb_a_1.0401_9	Amb_a_1.0501_9	1.08451,3.34889,3.37182,13.8205,1.47441,11.9784,7.98462,2.97471,2.87174,2.72168,2.11688,7.60861	2.70882,2.89288,1.71187,4.55665,2.25799,4.63082,1.27729,0.644025,4.26052,2.0404,3.56693,1.86777
Amb_a_1.0401_11	Amb_a_1.0501_11	4.24685,6.61952,2.16637,1.37607,1.47386,8.36337,4.13407,3.38154,2.11155,1.88924,1.53913,3.29342,1.47608,24.8909	22.2066,9.65396,3.69571,14.1542,2.3602,19.3462,4.63686,6.25032,3.80792,4.01887,10.8627,2.94204,3.6373,31.1932
Amb_a_1.0401_12	Amb_a_1.0501_12	3.58232,3.6152,0.962704,1.7008,7.89397,3.28876,2.68453,1.50086,2.10363,1.06815,9.0411,1.36752,2.78186,1.19813	23.8289,5.54434,2.10945,2.0472,34.4626,1.2805,2.63946,2.76344,0.165709,4.69289,14.2879,2.32992,1.65221,23.1861
Amb_a_1.0401_14	Amb_a_1.0501_14	3.94359,3.94359,3.0026,3.0026,1.44815,1.44815,3.07265,3.07265,3.066,3.066,3.30766,3.30766,3.0736,3.0736,2.41803,2.41803,5.59189,5.59189	1.82894,1.82894,2.14229,2.14229,3.01225,3.01225,6.10675,6.10675,2.36456,2.36456,1.74101,1.74101,1.95524,1.95524,0.661885,0.661885,2.15539,2.15539
Amb_a_1.0401_15	Amb_a_1.0501_15	1.24576,2.46632,0.678245,2.56468,1.11838	5.17073,4.6526,6.70793,1.48167,2.75902
Amb_a_1.0401_16	Amb_a_1.0501_16	1.28153,1.68472,4.02941,3.96588,5.49554,17.8146,3.78645,2.28915,6.53749,3.32181,4.58373,44.8471,13.6721,2.53608,4.23973	11.8394,6.12296,1.33482,0.980431,6.28724,2.45121,1.9721,0.787458,1.5195,3.47989,2.9785,58.8607,28.6734,0.919169,4.49925
Amb_a_1.0401_17	Amb_a_1.0501_17	1.2859,2.19475,2.82572,1.2735,3.41277,5.90743,11.2211,2.96117,1.52148,3.17344,1.4216,20.0819,4.19741,3.65772	2.98906,1.9263,1.72646,3.08374,2.90256,2.43264,2.08272,1.3804,2.17568,1.35136,2.39459,3.73347,3.17677,3.42825
Amb_a_11_2	Amb_t_11_2	2.48848,1.8952,0.691452,3.31136,2.3906,2.76135,4.61323,10.9189,10.591,1.57659,41.6889,4.9778,13.6104,2.35403,2.39415,11.7939	1.49801,2.25282,2.22196,3.77797,1.2314,2.35652,2.7063,11.9749,5.22351,2.27199,11.3839,3.68896,8.77163,2.74576,2.02,8.80716
Amb_a_8_1	Amb_t_8.01_1	5.07854,2.38173,3.35571,2.71831,6.17409,0.697701,1.52412,2.22571,1.05248,2.15631,2.58008,4.21732,3.70175,2.46646,1.11128,24.2896,5.06117,12.2136,7.79965	5.46692,2.65589,3.59361,9.51472,6.42897,2.29276,2.65202,2.28422,2.451,1.88324,3.38419,4.91805,3.85981,3.9267,2.04998,41.5968,4.16573,26.6785,11.1127
Amb_a_8_1	Amb_t_8.02_1	5.07854,2.38173,3.35571,2.71831,6.17409,0.697701,1.52412,1.73514,2.22571,0.327414,1.05248,2.15631,2.58008,0.697181,4.21732,3.70175,2.46646,0.594349,24.2896,5.06117,12.2136,7.79965	3.60578,2.11323,3.94684,6.54673,6.34192,3.5157,5.57469,2.58919,2.68025,3.46835,2.71157,2.53484,2.72835,3.78109,7.58947,3.11875,6.5415,2.96588,27.7455,3.63514,15.6342,8.03204
Amb_a_8_1	Art_v_4.01_1	5.07854,2.38173,3.35571,2.71831,6.17409,1.44168,1.52412,2.22571,2.15631,2.58008,0.697181,4.21732,3.70175,2.46646,0.594349,24.2896,5.06117,12.2136,7.79965	2.58543,1.35065,2.48461,10.9949,8.84889,2.45029,2.22075,0.575758,0.606403,5.91928,3.44643,15.6105,3.55997,13.5327,14.1968,0.777207,4.56659,2.74045,0.91138
Amb_a_8_1	Art_v_4.02_1	5.07854,2.38173,3.35571,2.71831,6.17409,2.22571,2.15631,2.58008,4.21732,3.70175,2.46646,0.594349,24.2896,5.06117,12.2136,7.79965	1.44406,0.799177,2.98967,3.37388,2.09331,0.835946,0.45951,1.22392,3.59673,1.94321,2.88816,2.20522,0.84533,1.93536,0.773658,0.622251
Amb_a_8_2	Amb_t_8.01_2	5.05572,2.46234,6.17881,24.3342,6.92897,10.5996,5.05253,28.5958,2.19431,3.11703,9.90667,3.6405,5.76271,3.40724,2.86774,8.00148,32.4012,8.80024,11.2977,8.39919,29.0488,2.32212,7.32755,13.8257,7.05339	4.90223,1.53986,3.27711,18.1498,6.41922,3.1461,4.3853,29.0988,1.93554,2.02717,14.2581,1.96656,1.43126,3.6662,1.79109,7.45838,32.5179,5.30977,11.0196,5.54143,48.3102,2.05444,3.05466,22.9419,7.80778
Amb_a_8_2	Amb_t_8.02_2	5.05572,1.78947,2.46234,6.17881,24.3342,6.92897,10.5996,5.05253,28.5958,2.19431,3.11703,9.90667,3.6405,1.76596,5.76271,3.40724,2.86774,8.00148,1.71443,32.4012,8.80024,11.2977,8.39919,29.0488,2.32212,7.32755,13.8257,7.05339	3.85495,2.25263,2.72658,3.048,34.5288,21.1435,6.57403,6.29199,25.5271,1.53799,0.897597,11.9594,2.18114,3.09803,3.2693,3.27213,2.15447,6.72118,3.91078,34.7435,3.12828,11.3623,7.89523,20.6435,2.33654,6.79957,17.0802,5.14186
Amb_a_8_2	Art_v_4.01_2	5.05572,2.46234,6.17881,24.3342,6.92897,10.5996,5.05253,28.5958,2.19431,3.11703,9.90667,3.6405,5.76271,3.40724,2.86774,8.00148,32.4012,8.80024,11.2977,8.39919,29.0488,2.32212,7.32755,13.8257,7.05339	2.68934,2.2505,4.69268,17.1677,6.961,4.95878,2.16055,8.7766,2.40767,4.07523,2.73663,2.90153,4.9661,1.88324,1.49826,9.51834,33.2591,4.06275,8.35767,6.49054,2.16624,2.06325,3.83297,3.61372,2.00048
Amb_a_8_3	Amb_t_8.01_1	4.23684,2.10526,1.73444,2.87397,10.0128,4.45474,1.17751,2.17284,1.29049,1.56619,4.96799,2.13941,7.97459,6.15766,6.38404,1.05096,25.3098,3.28807,18.1085,10.047	5.46692,0.478947,2.65589,3.59361,9.51472,6.42897,2.29276,2.65202,2.28422,2.451,1.88324,3.38419,4.91805,3.85981,3.9267,2.04998,41.5968,4.16573,26.6785,11.1127
Amb_a_8_3	Amb_t_8.02_1	4.23684,2.10526,1.73444,2.87397,10.0128,4.45474,1.17751,2.17284,1.33514,1.29049,0.626866,1.56619,4.96799,2.13941,1.98706,7.97459,6.15766,6.38404,1.71001,25.3098,3.28807,18.1085,10.047	3.60578,1.36316,2.11323,3.94684,6.54673,6.34192,3.5157,5.57469,2.58919,2.68025,3.46835,2.71157,2.53484,2.72835,3.78109,7.58947,3.11875,6.5415,2.96588,27.7455,3.63514,15.6342,8.03204
Amb_a_8_3	Art_v_4.01_1	4.23684,2.10526,2.87397,10.0128,4.45474,1.79384,2.17284,4.96799,2.13941,1.98706,7.97459,6.15766,6.38404,1.71001,25.3098,3.28807,18.1085,10.047	2.58543,0.842105,2.48461,10.9949,8.84889,2.45029,2.22075,0.606403,5.91928,3.44643,15.6105,3.55997,13.5327,14.1968,0.777207,4.56659,2.74045,0.91138
Amb_a_8_3	Art_v_4.02_1	4.23684,2.10526,2.87397,10.0128,4.45474,2.17284,4.96799,2.13941,7.97459,6.15766,6.38404,1.71001,25.3098,3.28807,18.1085,10.047	1.44406,0.984211,2.98967,3.37388,2.09331,0.822868,0.45951,1.22392,3.59673,1.94321,2.88816,2.20522,0.84533,1.93536,0.773658,0.622251
Amb_a_8_4	Amb_t_8.01_2	4.29551,2.32493,4.41614,16.3854,2.48329,3.51767,2.15589,26.6454,2.28649,2.13738,2.85162,9.54884,4.08035,2.07345,3.51031,2.96588,2.93098,3.9131,33.5319,5.08539,2.38998,0.778376,48.665,2.27115,2.73579,22.2103,8.281	4.90223,1.53986,3.27711,18.1498,6.41922,3.1461,4.3853,29.0988,1.68649,1.93554,2.02717,14.2581,1.96656,1.43126,3.6662,1.79109,7.45838,0.994693,32.5179,5.30977,11.0196,5.54143,48.3102,2.05444,3.05466,22.9419,7.80778
Amb_a_8_4	Amb_t_8.02_2	4.29551,1.27895,2.32493,4.41614,16.3854,2.48329,3.51767,2.15589,26.6454,2.28649,2.13738,2.85162,9.54884,4.08035,1.84436,2.07345,3.51031,2.96588,2.93098,3.9131,33.5319,5.08539,2.38998,0.778376,48.665,2.27115,2.73579,22.2103,8.281	3.85495,2.25263,2.72658,3.048,34.5288,21.1435,6.57403,6.29199,25.5271,0.978378,1.53799,0.897597,11.9594,2.18114,3.09803,3.2693,3.27213,2.15447,6.72118,3.91078,34.7435,3.12828,11.3623,7.89523,20.6435,2.33654,6.79957,17.0802,5.14186
Amb_a_8_4	Art_v_4.01_2	4.29551,2.32493,4.41614,16.3854,2.48329,3.51767,2.15589,26.6454,2.28649,2.13738,2.85162,9.54884,4.08035,2.07345,3.51031,2.96588,2.93098,3.9131,33.5319,5.08539,2.38998,0.778376,48.665,2.27115,2.73579,22.2103,8.281	2.68934,2.2505,4.69268,17.1677,6.961,4.95878,2.16055,8.7766,1.44324,2.40767,4.07523,2.73663,2.90153,4.9661,1.88324,1.49826,9.51834,1.20099,33.2591,4.06275,8.35767,6.49054,2.16624,2.06325,3.83297,3.61372,2.00048
Amb_a_4_1	Amb_p_4_1	0.9375,3.39314,1.65113,0.380293,2.12021,1.44106,4.23044,2.63352,0.488267,5.03253,6.3822,1.64055,2.1708,2.07428	2.74094,13.2177,2.35301,2.25212,2.5889,2.34974,6.39562,1.01057,2.74721,5.77094,9.00234,5.69887,2.44895,3.88226
Amb_a_4_2	Art_v_1_2	139.775,5.97278,3.24848,1.41953,2.11207,35.1401,11.7801,2.33173,3.12079,5.31705,6.12132,1.54036,2.88086,3.29763,2.11866	0.429719,3.23329,6.36606,3.35224,1.20499,1.38217,1.64483,1.18673,2.79604,2.08877,1.44865,2.85714,2.75833,1.43573,1.73751
Amb_a_4_3	Art_v_1_3	1.62437,124.602,1.97014,4.72101,2.55937,1.65702,5.83667,1.49682,16.4195,6.63503,1.76461,7.21672,4.69511,2.29992,6.13993,3.93639,1.85596,4.87619,2.18186,2.70591,7.22197	2.1358,3.95181,2.27572,2.58967,6.13852,5.52708,1.57512,2.66879,0.843523,0.866128,2.20963,2.17036,5.59634,1.16719,4.7852,6.27655,5.31622,3.03244,1.28988,3.63719,0.964372
Amb_a_8_4	Amb_t_8.03_1	4.29551,2.32493,4.41614,16.3854,2.48329,3.51767,2.15589,26.6454,2.28649,2.13738,2.85162,9.54884,4.08035,2.07345,3.51031,2.96588,2.93098,3.9131,33.5319,5.08539,2.38998,0.778376,48.665,2.27115,2.73579,22.2103,8.281	5.05572,2.46234,6.17881,24.3342,6.92897,10.5996,5.05253,28.5958,1.22703,2.19431,3.11703,9.90667,3.6405,5.76271,3.40724,2.86774,8.00148,1.71443,32.4012,8.80024,11.2977,8.39919,29.0488,2.32212,7.32755,13.8257,7.05339
Amb_a_8_3	Amb_t_8.03_2	4.23684,2.10526,1.73444,2.87397,10.0128,4.45474,2.17284,1.29049,4.96799,2.13941,7.97459,6.15766,6.38404,25.3098,3.28807,18.1085,10.047	5.07854,1.14211,2.38173,3.35571,2.71831,6.17409,1.52412,2.22571,2.15631,2.58008,4.21732,3.70175,2.46646,24.2896,5.06117,12.2136,7.79965
Amb_a_8_4	Amb_p_8.01_1	4.29551,2.32493,4.41614,16.3854,2.48329,3.51767,2.15589,26.6454,2.28649,2.13738,2.85162,9.54884,4.08035,2.07345,3.51031,2.96588,2.93098,3.9131,33.5319,5.08539,2.38998,0.778376,48.665,2.27115,2.73579,22.2103,8.281	5.05572,2.46234,6.17881,24.3342,6.92897,10.5996,5.05253,28.5958,1.22703,2.19431,3.11703,9.90667,3.6405,5.76271,3.40724,2.86774,8.00148,1.71443,32.4012,8.80024,11.2977,8.39919,29.0488,2.32212,7.32755,13.8257,7.05339
Amb_a_8_3	Amb_p_8.01_2	4.23684,2.10526,1.73444,2.87397,10.0128,4.45474,2.17284,1.29049,4.96799,2.13941,7.97459,6.15766,6.38404,25.3098,3.28807,18.1085,10.047	5.07854,1.14211,2.38173,3.35571,2.71831,6.17409,1.52412,2.22571,2.15631,2.58008,4.21732,3.70175,2.46646,24.2896,5.06117,12.2136,7.79965
Amb_a_8_4	Amb_p_8.02_1	4.29551,2.32493,4.41614,16.3854,2.48329,3.51767,2.15589,26.6454,2.28649,2.13738,2.85162,9.54884,4.08035,2.07345,3.51031,2.96588,2.93098,3.9131,33.5319,5.08539,2.38998,0.778376,48.665,2.27115,2.73579,22.2103,8.281	4.90223,1.53986,3.27711,18.1498,6.41922,3.1461,4.3853,29.0988,1.68649,1.93554,2.02717,14.2581,1.96656,1.43126,3.6662,1.79109,7.45838,0.994693,32.5179,5.30977,11.0196,5.54143,48.3102,2.05444,3.05466,22.9419,7.80778
Amb_a_8_3	Amb_p_8.02_2	4.23684,2.10526,1.73444,2.87397,10.0128,4.45474,1.17751,2.17284,1.29049,1.56619,4.96799,2.13941,7.97459,6.15766,6.38404,1.05096,25.3098,3.28807,18.1085,10.047	5.46692,0.478947,2.65589,3.59361,9.51472,6.42897,2.29276,2.65202,2.28422,2.451,1.88324,3.38419,4.91805,3.85981,3.9267,2.04998,41.5968,4.16573,26.6785,11.1127
Amb_a_8_2	Amb_p_8.02_1	5.05572,2.46234,6.17881,24.3342,6.92897,10.5996,5.05253,28.5958,2.19431,3.11703,9.90667,3.6405,5.76271,3.40724,2.86774,8.00148,32.4012,8.80024,11.2977,8.39919,29.0488,2.32212,7.32755,13.8257,7.05339	4.90223,1.53986,3.27711,18.1498,6.41922,3.1461,4.3853,29.0988,1.93554,2.02717,14.2581,1.96656,1.43126,3.6662,1.79109,7.45838,32.5179,5.30977,11.0196,5.54143,48.3102,2.05444,3.05466,22.9419,7.80778
Amb_a_8_1	Amb_p_8.02_2	5.07854,2.38173,3.35571,2.71831,6.17409,0.697701,1.52412,2.22571,1.05248,2.15631,2.58008,4.21732,3.70175,2.46646,1.11128,24.2896,5.06117,12.2136,7.79965	5.46692,2.65589,3.59361,9.51472,6.42897,2.29276,2.65202,2.28422,2.451,1.88324,3.38419,4.91805,3.85981,3.9267,2.04998,41.5968,4.16573,26.6785,11.1127
Amb_a_1.0401_18	Amb_p_1.02_1	1.6504,3.68858,4.49818,2.37864,0.72152,19.5588,1.70281,1.42068,18.9869,1.70572,1.23057,2.72648,5.78416,2.01139,7.30357,4.18271,3.87027,12.9657,4.48054,4.84416,34.7625,1.67498,3.75546	2.29182,4.83311,15.1758,8.12483,2.3451,17.8048,11.3933,2.71864,20.1562,2.59818,2.33813,2.95281,5.09835,4.44538,6.76567,3.4171,5.36456,5.65183,10.3856,5.46584,40.1085,4.29103,4.57221
Amb_a_1.0201_17	Amb_p_1.02_2	3.8539,2.84645,46.9843,15.8562,12.7331,0.713501,1.46571,24.2006,1.09145,2.64947,7.051,5.13905,7.8345,23.0693,7.95886,2.37477,3.73676,1.63069,3.41962,5.43311,2.09017	2.03344,1.46638,29.245,30.5994,5.75679,2.08108,2.45513,28.1533,2.67809,2.57416,2.55728,2.13309,7.61963,5.14327,13.9161,4.86039,4.69525,2.06007,1.6689,2.38885,0.93251
Amb_a_1.0304_17	Amb_p_1.02_3	4.17542,1.24058,1.52018,1.99488,2.83014,1.84296,4.08591,1.44272,0.395917,1.50581,1.69241,2.45254,3.79587,3.12922,2.8372,2.44015	3.61076,2.1729,3.19354,7.93726,20.0909,2.25771,2.06797,2.31498,6.95341,3.59824,5.87587,2.04694,8.32963,8.66,2.31092,2.20849
Amb_a_1.0401_19	Amb_p_1.02_4	4.52441,1.60122,1.29681,5.89885,2.57656,1.73882,7.18356,0.349745,0.749529,1.17214,1.64668,0.966027,4.59889,4.27582,1.85328,0.685113	4.95846,4.68991,3.66514,9.21639,88.256,8.54336,1.5137,3.19461,3.74388,2.12796,10.6866,14.5838,11.1291,19.337,5.72201,5.27615
Amb_a_1.0401_3	Amb_p_1.02_5	2.1111,2.00387,9.721,3.16382,1.33867,2.38526,2.35322,5.03694,6.58327,3.21396,2.68156,3.30293,2.01559	0.692524,7.75302,1.55653,41.5353,2.89869,1.04514,0.93082,5.75857,17.0468,0.272382,1.20391,0.18,6.13915
Amb_a_1.0101_19	Amb_p_1.02_5	6.50877,42.6402,2.87101,5.87507,2.85405,4.21438,10.1239,8.51442,2.04439,8.44599,3.47921	7.75302,1.55653,41.5353,2.89869,0.93082,5.75857,17.0468,0.272382,1.20391,8.40863,6.13915
Amb_a_1.0201_18	Amb_p_1.02_6	8.81704,2.90389,5.16006,2.74105,2.37495,2.36908,1.05604,1.66515,0.962137,7.41161,8.11626,11.0812,3.51998,1.78004,0.731707,2.06928,2.13566	11.6104,3.16521,32.1351,3.60626,2.21503,2.62319,2.76484,3.24215,2.76645,6.31069,14.4057,23.6184,9.12874,2.31194,2.39024,3.2142,3.57983
Amb_a_1.0101_20	Amb_p_1.02_6	1.18205,2.4861,4.54185,1.0574,2.18211,1.38008,0.931401,0.747253,8.77857,0.759731,5.56662,4.35462,3.12595,1.87837,5.5859,1.40545,2.40439,2.07968,1.20706	11.6104,3.16521,32.1351,3.60626,1.44553,2.21503,2.62319,2.76484,3.24215,2.76645,6.31069,14.4057,23.6184,9.12874,15.0455,2.31194,2.39024,3.2142,3.57983
Amb_a_1.0304_18	Amb_p_1.02_7	2.77313,6.72121,6.58669,2.28737,0.940642,1.35581,0.708668,2.9604,4.23001,2.23109,21.6613,2.17905,2.47317,3.30999,1.61584,6.53326,2.25488	4.04604,10.4545,14.2399,4.64156,2.06455,4.12445,2.88871,5.92409,5.8445,2.81869,25.4823,6.56823,4.69706,5.03783,2.75367,11.893,3.92896
Amb_a_1.0304_6	Amb_p_1.02_8	1.78329,1.39366,2.55146,3.38685,3.77486,11.7225,23.0392,2.0071,2.97404,2.8927,53.8228,1.27557,3.68206,2.87346,3.76994,6.995,1.46283,6.06501,4.99132,6.57548,2.69471,2.77607,2.61766,1.06292	4.65249,2.59905,3.71862,18.9513,8.64388,13.7902,25.5594,2.25389,4.84906,5.49739,58.399,4.47219,3.50011,4.23612,9.93135,7.56359,2.60276,8.56736,2.49919,10.4429,6.58233,16.7147,5.30144,2.53678
Amb_a_1.0401_6	Amb_p_1.02_8	1.72427,0.947873,0.404521,1.03843,3.60106,14.6565,18.6939,1.94982,2.65273,2.02384,49.9332,1.36276,3.57356,2.07187,1.44527,7.23507,1.68702,5.71802,1.18177,5.26119,1.65505,1.82515,1.27762,2.60197	4.65249,2.59905,3.71862,18.9513,8.64388,13.7902,25.5594,2.25389,4.84906,5.49739,58.399,4.47219,3.50011,4.23612,9.93135,7.56359,2.60276,8.56736,2.49919,10.4429,6.58233,16.7147,5.30144,2.53678
Amb_a_1.0501_6	Amb_p_1.02_8	1.25014,1.38366,0.878644,1.03672,3.44602,12.1989,17.2565,2.27911,2.73931,5.07377,58.2825,2.96197,3.50739,1.8844,6.10297,7.01342,1.82106,5.6245,1.12516,5.85762,5.57091,1.90491,2.14497,1.58734	4.65249,2.59905,3.71862,18.9513,8.64388,13.7902,25.5594,2.25389,4.84906,5.49739,58.399,4.47219,3.50011,4.23612,9.93135,7.56359,2.60276,8.56736,2.49919,10.4429,6.58233,16.7147,5.30144,2.53678
Amb_a_1.0101_21	Amb_p_1.02_8	3.06709,1.27539,1.47353,1.7959,2.57297,13.0279,17.9145,2.1853,3.07757,3.08756,53.2825,2.21529,3.46457,2.18735,1.17996,7.65719,1.35301,5.70098,1.35323,5.67405,1.60577,0.871166,0.819302,1.54437	4.65249,2.59905,3.71862,18.9513,8.64388,13.7902,25.5594,2.25389,4.84906,5.49739,58.399,4.47219,3.50011,4.23612,9.93135,7.56359,2.60276,8.56736,2.49919,10.4429,6.58233,16.7147,5.30144,2.53678
Amb_a_1.0201_19	Amb_p_1.02_8	3.93543,1.01279,1.71802,1.91887,3.81906,13.9988,22.6097,2.01302,3.51889,3.85917,59.4666,1.88052,3.43783,2.41486,5.78015,8.06255,1.84359,5.51047,2.09605,1.24959,4.11762,3.32873,1.10736,2.03655,2.06359	4.65249,2.59905,3.71862,18.9513,8.64388,13.7902,25.5594,2.25389,4.84906,5.49739,58.399,4.47219,3.50011,4.23612,9.93135,7.56359,2.60276,8.56736,1.68085,2.49919,10.4429,6.58233,16.7147,5.30144,2.53678
Amb_a_1.0101_22	Amb_p_1.02_10	2.13311,0.975427,3.11957,0.912895,8.22974,2.10074,62.0591,15.6595,3.66331,8.52319,4.92574,6.38324,2.5921,16.3867,8.80889,2.83742	2.33155,2.19654,1.50803,3.31853,7.58666,1.13638,62.2851,10.4284,2.84918,2.19109,5.517,6.2311,2.85653,14.4612,12.101,1.3865
Amb_a_1.0201_20	Amb_p_1.02_10	2.20907,0.884923,2.22138,2.85483,11.0848,2.1075,2.97429,61.9409,14.7671,4.26952,7.06586,5.71932,2.03969,6.16801,4.47052,18.8502,2.15968,14.6641,2.56748,2.70103	2.33155,2.19654,1.3153,3.31853,7.58666,1.13638,0.642325,62.2851,10.4284,2.84918,2.19109,5.517,1.03616,6.2311,2.85653,14.4612,1.3421,12.101,1.3865,0.839014
Amb_a_1.0304_19	Amb_p_1.02_10	2.52142,1.22741,1.53629,2.40458,13.6917,2.76307,7.52571,67.8887,11.4166,3.55661,2.45098,5.19109,6.19205,5.85368,5.0304,17.6119,2.08435,10.4279,2.37117	2.33155,2.19654,3.31853,0.572744,7.58666,1.13638,0.642325,62.2851,10.4284,2.84918,1.21978,2.19109,5.517,6.2311,2.85653,14.4612,1.3421,12.101,1.3865
Amb_a_1.0401_21	Amb_p_1.02_10	2.65035,1.1187,0.859095,10.2966,2.78167,65.5086,10.2113,3.22545,5.56772,5.60783,6.23066,2.01702,4.40188,18.0336,2.26955,7.28065,2.57789	2.33155,2.19654,3.31853,7.58666,1.13638,62.2851,10.4284,2.84918,2.19109,5.517,6.2311,2.85653,1.68421,14.4612,0.820645,12.101,1.11813
Amb_a_1.0401_22	Amb_p_1.02_11	2.59566,0.846579,4.58424,1.1875,0.477252,1.78096,2.18329,11.3546,1.48116,3.01044,5.58016,0.533341,5.74688,3.26295,1.48569,3.21806,1.33249	3.6093,2.17986,33.1214,10.417,2.77904,3.00176,2.48776,8.48908,2.38014,4.57036,8.16402,2.51104,6.78944,6.65449,3.76789,4.32805,3.36281
Amb_a_1.0501_11	Amb_p_1.02_13	2.26257,7.82826,1.78135,4.03673,16.463,2.9235,10.2358,1.28804,1.67502,0.792788,6.03479,3.42628,18.1146,7.4821,7.36811,4.04655,11.0992,1.198,1.06734,1.17903,1.7016,0.599238	1.86811,7.99948,3.49076,10.4626,7.93262,4.20054,13.0738,2.6195,2.54928,10.6267,9.4592,9.14897,23.7009,7.56979,8.97853,7.60984,7.96097,3.55622,2.19697,4.43669,3.37734,2.00813
Amb_a_1.0101_23	Amb_p_1.02_13	2.50615,7.47637,1.56092,8.93878,2.36958,2.17542,11.5623,2.19468,1.90175,10.5011,5.61832,5.31742,24.7165,7.35816,9.65449,6.65351,9.25076,2.36339,0.973906,1.44425,3.08915,0.968742	1.86811,7.99948,3.49076,10.4626,7.93262,4.20054,13.0738,2.6195,2.54928,10.6267,9.4592,9.14897,23.7009,7.56979,8.97853,7.60984,7.96097,3.55622,2.19697,4.43669,3.37734,2.00813
Amb_a_1.0201_21	Amb_p_1.02_13	7.96113,2.1484,7.6,18.7145,2.20865,6.06472,2.29473,1.93516,3.25915,6.18419,2.2052,4.18182,19.5654,7.5464,7.8221,7.57548,8.17231,2.52475,1.38594,1.85962,3.28581,1.72071	7.99948,3.49076,10.4626,7.93262,4.20054,13.0738,2.6195,2.54928,10.6267,9.4592,1.69602,9.14897,23.7009,7.56979,8.97853,7.60984,7.96097,3.55622,2.19697,4.43669,3.37734,2.00813
Amb_a_1.0304_20	Amb_p_1.02_13	5.66728,2.53854,9.51293,14.2809,2.15056,1.4578,1.73383,1.16492,1.51938,7.79841,2.07341,4.78075,6.94923,8.36225,7.66403,6.95788,4.53311,1.82041,3.76136,1.10395,3.1936,0.943837	7.99948,3.49076,10.4626,7.93262,4.20054,13.0738,2.6195,2.54928,10.6267,9.4592,1.69602,9.14897,23.7009,7.56979,8.97853,7.60984,7.96097,3.55622,2.19697,4.43669,3.37734,2.00813
Amb_a_1.0304_21	Amb_p_1.02_14	1.88703,1.4417,1.21092,2.7415,16.1441,1.32755,1.71376,2.12575,1.20775,2.56101,2.20399,5.50879,5.8741,1.2805,7.79933,0.815673,4.61996,4.98404,7.10169,2.34478,2.2972,2.42191	2.64619,15.1258,2.21963,4.89252,17.2929,2.75759,11.6826,2.57637,8.50592,1.90611,2.8337,6.28533,18.1376,5.35399,8.44738,2.23101,3.99749,6.25205,8.01876,2.48427,1.99645,4.73562
Amb_a_1.0201_22	Amb_p_1.02_15	2.55812,2.76434,1.42205,2.08026,0.819053,2.77973,1.46361,4.45869,4.78567,5.72253,5.50941,1.77917,3.16181,2.87273,2.03508	5.16335,5.18539,13.9263,2.13809,5.34007,2.09286,5.45717,6.5943,2.19642,1.55637,6.63288,2.1529,2.77903,3.3177,3.92607
Amb_a_1.0304_22	Amb_p_1.02_15	8.23456,1.36685,7.64589,2.3134,1.47702,7.6562,1.99974,3.76983,4.38306,2.02484,2.2091,1.96969,1.91172,2.34163,1.11016	5.16335,5.18539,13.9263,1.1774,2.13809,5.34007,2.09286,5.45717,6.5943,2.19642,6.63288,2.1529,2.77903,3.3177,3.92607
Amb_a_1.0201_14	Amb_p_1.02_16	2.40834,1.40389,7.37801,10.4022,3.67929,1.97303,2.47957,1.09101,2.39142,1.56735,2.11234,3.35156,2.49727,4.16174,3.16118,4.58252,4.37704,2.1165,2.89552,2.29006,4.58469,1.48208,2.93639	2.10092,2.23596,6.32147,21.9395,4.45966,3.09416,2.32506,15.4167,2.50259,2.16343,2.13987,4.86562,2.3499,5.22488,3.13691,3.50088,5.25191,3.64079,4.02348,1.48071,3.36555,3.64695,3.97672
Amb_a_1.0501_19	Amb_p_1.02_17	6.19544,19.7539,4.66713,2.88099,4.05112,1.7338,2.19166,2.16774,1.24821,5.43432,8.04821,3.31846,6.31351,3.74247,5.36655,1.87818,3.52682,7.54252,3.5443	3.63413,11.3855,59.0111,1.99537,1.29313,2.19435,2.77529,1.56554,3.75821,4.30957,3.62632,2.36449,2.18799,8.26137,2.55341,2.31639,3.95596,9.8915,1.50995
Amb_a_1.0401_18	Amb_p_1.05_1	1.6504,3.68858,4.49818,2.37864,0.72152,19.5588,1.70281,1.42068,1.63879,18.9869,1.70572,2.72648,5.78416,2.01139,7.30357,4.18271,3.87027,12.9657,4.48054,4.84416,34.7625,1.67498,3.75546	2.3805,7.55467,5.74303,29.9889,3.04271,17.4177,3.94763,2.14461,4.65646,12.5306,3.02033,2.47327,8.28251,2.90513,9.69444,4.29826,6.36276,14.8024,9.89716,9.29531,14.2141,2.45842,1.76971
Amb_a_1.0201_17	Amb_p_1.05_2	3.8539,2.84645,46.9843,15.8562,12.7331,24.2006,2.64947,7.051,5.13905,7.8345,23.0693,7.95886,2.37477,3.73676,1.63069,3.41962,5.43311,2.09017	1.4558,1.64083,4.7801,17.2357,1.90032,4.37147,3.96492,1.06886,2.05115,2.60411,1.67129,1.46069,2.72099,2.14889,3.49126,4.29091,2.09459,0.903559
Amb_a_1.0401_19	Amb_p_1.05_4	4.52441,1.60122,1.29681,5.89885,2.57656,1.73882,7.18356,0.749529,4.59889,4.27582,1.85328,0.685113	1.73608,4.53244,2.32626,2.36748,30.6986,6.77075,0.603734,2.07533,2.29905,2.69173,4.7027,2.87382
Amb_a_1.0401_3	Amb_p_1.05_5	2.1111,2.00387,9.721,3.16382,0.99806,1.12367,1.72418,2.38526,2.35322,5.03694,1.12355,6.58327,3.21396,2.68156,3.30293,2.01559	0.489842,0.775575,8.38766,27.5331,5.86868,2.52271,19.9473,3.29948,1.55233,1.11609,3.2678,10.7727,1.55235,1.17964,0.713659,5.84065
Amb_a_1.0101_19	Amb_p_1.05_5	6.50877,42.6402,2.87101,5.87507,0.661266,0.55942,0.21978,0.811053,2.85405,4.21438,0.882637,10.1239,8.51442,2.04439,8.44599,3.47921	0.775575,8.38766,27.5331,1.12647,5.86868,2.52271,19.9473,3.29948,1.55233,1.11609,3.2678,10.7727,1.55235,1.17964,16.59,5.84065
Amb_a_1.0101_20	Amb_p_1.05_6	1.18205,2.4861,4.54185,0.931401,0.747253,5.56662,4.35462,3.12595,1.87837,5.5859,2.40439,2.07968	2.62657,1.4718,1.88546,2.55749,2.21319,2.8938,2.00152,1.38164,2.44865,5.11559,0.788781,1.64376
Amb_a_1.0201_18	Amb_p_1.05_6	8.81704,2.90389,5.16006,2.74105,2.37495,2.36908,1.05604,7.41161,8.11626,11.0812,3.51998,2.06928,2.13566	2.62657,1.4718,1.88546,0.863915,0.968426,2.55749,2.21319,2.8938,2.00152,1.38164,2.44865,1.64376,1.43051
Amb_a_1.0304_23	Amb_p_1.05_6	11.6104,3.16521,32.1351,3.60626,2.21503,2.62319,2.76484,2.76645,6.31069,14.4057,23.6184,9.12874,15.0455,2.31194,2.39024,3.2142,3.57983	2.62657,1.4718,1.88546,0.863915,0.968426,2.55749,2.21319,0.936306,2.8938,2.00152,1.38164,2.44865,5.11559,1.43097,0.788781,1.64376,1.43051
Amb_a_1.0304_18	Amb_p_1.05_7	2.77313,6.72121,6.58669,0.570847,2.28737,1.3671,1.35581,0.708668,2.9604,4.23001,2.23109,21.6613,2.17905,2.47317,3.30999,1.61584,6.53326,2.25488	4.98982,4.38424,1.92372,2.00574,3.24971,2.2285,2.90683,2.42242,7.79076,4.12256,2.47675,6.87267,9.99968,2.66461,5.90062,2.88563,2.64534,1.76717
Amb_a_1.0304_6	Amb_p_1.05_8	2.55146,3.38685,3.77486,11.7225,23.0392,2.0071,2.97404,2.8927,53.8228,1.27557,3.68206,2.87346,3.76994,6.995,6.06501,4.99132,6.57548,1.5168,2.69471,2.77607,2.61766	1.95717,2.6345,2.83149,6.84562,19.0161,2.18102,4.4937,6.95715,54.9598,2.89236,3.54552,2.04472,7.55751,6.65757,6.48804,1.38054,8.28048,2.08196,7.09495,2.03374,1.85791
Amb_a_1.0401_6	Amb_p_1.05_8	1.03843,3.60106,14.6565,18.6939,1.94982,2.65273,2.02384,49.9332,1.36276,3.57356,2.07187,1.44527,7.23507,5.71802,5.26119,1.21914,1.65505,1.82515,2.60197	2.6345,2.83149,6.84562,19.0161,2.18102,4.4937,6.95715,54.9598,2.89236,3.54552,2.04472,7.55751,6.65757,6.48804,8.28048,2.08196,7.09495,2.03374,1.25076
Amb_a_1.0501_6	Amb_p_1.05_8	1.03672,3.44602,12.1989,17.2565,2.27911,2.73931,5.07377,58.2825,2.96197,3.50739,1.8844,6.10297,7.01342,5.6245,5.85762,1.47428,5.57091,1.90491,2.14497	2.6345,2.83149,6.84562,19.0161,2.18102,4.4937,6.95715,54.9598,2.89236,3.54552,2.04472,7.55751,6.65757,6.48804,8.28048,2.08196,7.09495,2.03374,1.85791
Amb_a_1.0101_21	Amb_p_1.05_8	3.06709,1.7959,2.57297,13.0279,17.9145,2.1853,3.07757,3.08756,53.2825,2.21529,3.46457,2.18735,1.17996,7.65719,5.70098,5.67405,0.740398,1.60577,0.871166	1.77638,2.6345,2.83149,6.84562,19.0161,2.18102,4.4937,6.95715,54.9598,2.89236,3.54552,2.04472,7.55751,6.65757,6.48804,8.28048,2.08196,7.09495,2.03374
Amb_a_1.0201_19	Amb_p_1.05_8	3.93543,1.91887,3.81906,13.9988,22.6097,2.01302,3.51889,3.85917,59.4666,1.88052,3.43783,2.41486,5.78015,8.06255,5.51047,2.09605,4.11762,1.23594,3.32873,1.10736,2.03655,2.06359	1.77638,2.6345,2.83149,6.84562,19.0161,2.18102,4.4937,6.95715,54.9598,2.89236,3.54552,2.04472,7.55751,6.65757,6.48804,1.85836,8.28048,2.08196,7.09495,2.03374,1.85791,1.25076
Amb_a_1.0101_22	Amb_p_1.05_10	2.13311,3.11957,0.912895,8.22974,2.10074,62.0591,15.6595,3.66331,8.52319,4.92574,6.38324,2.5921,16.3867,1.24871,8.80889,2.83742,1.75908	1.90458,1.06365,2.4842,12.2186,1.95487,66.1267,11.9268,4.19531,1.39703,5.37519,6.57146,2.26565,18.4038,2.29065,6.61298,1.04294,2.59146
Amb_a_1.0201_20	Amb_p_1.05_10	2.20907,2.22138,2.85483,11.0848,2.1075,2.97429,61.9409,14.7671,4.26952,7.06586,5.71932,2.03969,6.16801,4.47052,18.8502,2.15968,14.6641,2.56748,2.70103,1.01264	1.90458,1.89812,2.4842,12.2186,1.95487,1.03465,66.1267,11.9268,4.19531,1.39703,5.37519,1.29162,6.57146,2.26565,18.4038,2.29065,6.61298,1.04294,1.96674,2.59146
Amb_a_1.0304_19	Amb_p_1.05_10	2.52142,1.53629,2.40458,13.6917,2.76307,7.52571,67.8887,11.4166,3.55661,2.45098,5.19109,6.19205,5.85368,5.0304,17.6119,2.08435,10.4279,2.37117,1.62006	1.90458,2.4842,0.869015,12.2186,1.95487,1.03465,66.1267,11.9268,4.19531,1.43047,1.39703,5.37519,6.57146,2.26565,18.4038,2.29065,6.61298,1.04294,2.59146
Amb_a_1.0401_21	Amb_p_1.05_10	2.65035,0.859095,10.2966,2.78167,65.5086,10.2113,3.22545,5.56772,5.60783,6.23066,2.01702,4.40188,18.0336,1.09,2.26955,7.28065,2.57789	1.90458,2.4842,12.2186,1.95487,66.1267,11.9268,4.19531,1.39703,5.37519,6.57146,2.26565,1.91228,18.4038,2.29065,0.771262,6.61298,2.59146
Amb_a_1.0401_22	Amb_p_1.05_11	2.59566,4.58424,1.1875,1.5671,2.18329,0.396126,11.3546,1.13801,3.01044,5.58016,5.74688,3.26295,1.48569,0.944444,3.21806,0.496557,1.33249	7.96129,1.08333,25.0375,2.09269,1.12885,2.09305,21.959,2.16942,2.01956,6.35501,5.81127,9.9423,2.85782,3.48851,1.90394,2.52213,6.67863
Amb_a_1.0501_11	Amb_p_1.05_13	2.26257,7.82826,1.78135,4.03673,16.463,2.9235,10.2358,1.28804,1.67502,6.03479,1.35692,3.42628,18.1146,7.4821,7.36811,4.04655,11.0992,1.198,1.17903,1.7016,0.599238	2.00408,5.46113,3.57487,8.15238,7.7425,4.82816,13.6162,2.24737,2.71344,7.96291,2.0753,9.73491,23.1352,7.83163,7.8693,8.42518,7.35328,4.10092,2.8765,5.72082,2.13621
Amb_a_1.0101_23	Amb_p_1.05_13	2.50615,7.47637,1.56092,8.93878,2.36958,2.17542,11.5623,2.19468,1.90175,10.5011,5.61832,1.14833,5.31742,24.7165,7.35816,9.65449,6.65351,9.25076,2.36339,1.44425,3.08915,0.968742	2.00408,5.46113,3.57487,8.15238,7.7425,4.82816,13.6162,2.24737,2.71344,1.89236,7.96291,2.0753,9.73491,23.1352,7.83163,7.8693,8.42518,7.35328,4.10092,2.8765,5.72082,2.13621
Amb_a_1.0201_21	Amb_p_1.05_13	1.68538,7.96113,2.1484,7.6,18.7145,2.20865,6.06472,2.29473,1.93516,3.25915,6.18419,2.2052,4.18182,19.5654,7.5464,7.8221,7.57548,8.17231,2.52475,1.85962,3.28581,1.72071	2.00408,5.46113,3.57487,8.15238,7.7425,4.82816,13.6162,2.24737,2.71344,1.89236,7.96291,2.0753,9.73491,23.1352,7.83163,7.8693,8.42518,7.35328,4.10092,2.8765,5.72082,2.13621
Amb_a_1.0304_20	Amb_p_1.05_13	1.81644,5.66728,2.53854,9.51293,14.2809,2.15056,1.4578,1.73383,1.16492,7.79841,2.07341,4.78075,6.94923,8.36225,7.66403,6.95788,4.53311,1.82041,3.76136,1.10395,3.1936,0.943837	2.00408,5.46113,3.57487,8.15238,7.7425,4.82816,13.6162,2.24737,2.71344,7.96291,2.0753,9.73491,23.1352,7.83163,7.8693,8.42518,7.35328,4.10092,1.90278,2.8765,5.72082,2.13621
Amb_a_1.0304_21	Amb_p_1.05_14	1.88703,1.4417,1.21092,2.7415,16.1441,1.32755,1.71376,2.12575,1.20775,2.56101,2.20399,5.50879,5.8741,1.2805,7.79933,4.61996,4.98404,7.10169,2.34478,2.2972,2.42191,0.89784	2.43625,14.2077,2.33668,7.22449,20.3869,2.95987,8.81774,3.01398,24.6975,5.86518,3.09297,5.83652,13.645,5.17573,8.46368,4.29655,9.21104,8.8283,4.84804,4.7339,5.29806,2.123
Amb_a_1.0201_22	Amb_p_1.05_15	2.55812,2.76434,1.42205,2.08026,0.819053,2.77973,4.45869,4.78567,5.72253,5.50941,1.77917,3.16181,2.87273,1.01792,2.03508	2.61047,19.3229,2.79643,2.15742,7.56892,4.47511,7.95822,1.68111,3.35497,8.27094,2.98409,1.83855,2.62823,6.44624,2.24328
Amb_a_1.0304_22	Amb_p_1.05_15	8.23456,1.36685,7.64589,2.3134,1.47702,7.6562,1.99974,3.76983,4.38306,2.02484,1.30011,2.2091,1.96969,2.34163,1.57348,1.11016	2.61047,19.3229,2.79643,1.60724,2.15742,7.56892,4.47511,1.71458,7.95822,1.68111,3.35497,8.27094,2.98409,2.62823,6.44624,2.24328
Amb_a_1.0201_14	Amb_p_1.05_16	2.40834,7.37801,10.4022,3.67929,2.47957,1.09101,2.39142,2.11234,3.35156,2.49727,4.16174,3.16118,4.58252,4.37704,2.1165,2.89552,2.29006,4.58469,2.93639	1.59406,3.28272,2.93244,2.25443,2.2127,3.686,1.8494,1.65725,3.12355,1.16904,7.57771,4.63027,1.52559,8.30776,1.14284,3.1842,1.42351,2.91579,2.59525
Amb_a_1.0401_19	Amb_t_1.02_2	4.52441,1.29681,5.89885,2.57656,1.73882,7.18356,1.64668,0.966027,4.59889,4.27582	3.59649,2.22586,3.0781,4.56699,6.54062,1.07817,7.31623,3.72147,2.9579,10.1349
Amb_a_1.0401_3	Amb_t_1.02_3	2.1111,2.00387,9.721,3.16382,2.38526,2.35322,5.03694,6.58327,3.21396,2.68156,3.30293,2.01559	0.256525,0.379357,0.512482,2.33602,1.06651,1.04695,1.3628,9.5931,2.67299,0.385913,0.19122,3.95266
Amb_a_1.0101_19	Amb_t_1.02_3	6.50877,42.6402,2.87101,5.87507,2.85405,4.21438,10.1239,8.51442,2.04439,8.44599,3.47921	0.379357,0.512482,2.33602,1.70617,1.04695,1.3628,9.5931,2.67299,0.385913,2.57938,3.95266
Amb_a_1.0101_20	Amb_t_1.02_4	1.18205,2.4861,4.54185,1.0574,0.747253,5.56662,4.35462,3.12595,5.5859,2.40439,2.07968	3.11301,4.76013,1.91336,2.10158,9.13077,2.39182,1.91029,5.522,2.86943,1.49902,1.93591
Amb_a_1.0201_18	Amb_t_1.02_4	8.81704,2.90389,5.16006,2.74105,2.37495,2.36908,1.05604,7.41161,8.11626,11.0812,3.51998,2.06928,2.13566	3.11301,4.76013,1.91336,2.10158,0.957474,1.28502,9.13077,2.39182,1.91029,5.522,1.98313,1.93591,0.816227
Amb_a_1.0304_23	Amb_t_1.02_4	11.6104,3.16521,32.1351,3.60626,2.21503,2.62319,2.76484,2.76645,6.31069,14.4057,23.6184,9.12874,15.0455,2.31194,2.39024,3.2142,3.57983	3.11301,4.76013,1.91336,2.10158,0.957474,1.28502,9.13077,1.5959,2.39182,1.91029,5.522,1.98313,2.86943,1.61379,1.49902,1.93591,0.816227
Amb_a_1.0304_18	Amb_t_1.02_5	2.77313,6.72121,6.58669,2.28737,2.9604,4.23001,2.23109,21.6613,2.17905,2.47317,3.30999,6.53326,2.25488	3.49535,10.3952,7.43135,1.99794,3.85215,5.3497,1.36684,18.0306,3.25529,3.46919,2.18634,9.10159,1.73283
Amb_a_1.0304_6	Amb_t_1.02_6	1.78329,2.55146,3.38685,3.77486,11.7225,23.0392,2.0071,2.97404,2.8927,53.8228,1.27557,3.68206,2.87346,3.76994,6.995,1.46283,6.06501,1.45714,4.99132,6.57548,2.69471,2.77607,2.61766,1.06292	4.52234,3.8959,2.80273,8.73181,12.455,21.2485,2.07988,3.59537,4.22802,57.9075,3.93864,3.8301,2.70307,6.19944,8.1251,2.91591,7.56718,2.15562,1.34455,9.86214,4.6274,4.07362,1.79877,2.65199
Amb_a_1.0401_6	Amb_t_1.02_6	1.72427,0.404521,1.03843,3.60106,14.6565,18.6939,1.94982,2.65273,2.02384,49.9332,1.36276,3.57356,2.07187,1.44527,7.23507,1.68702,5.71802,0.551368,5.26119,1.65505,1.82515,2.60197	4.52234,3.8959,2.80273,8.73181,12.455,21.2485,2.07988,3.59537,4.22802,57.9075,3.93864,3.8301,2.70307,6.19944,8.1251,2.91591,7.56718,2.15562,9.86214,4.6274,4.07362,2.65199
Amb_a_1.0501_6	Amb_t_1.02_6	1.25014,0.878644,1.03672,3.44602,12.1989,17.2565,2.27911,2.73931,5.07377,58.2825,2.96197,3.50739,1.8844,6.10297,7.01342,1.82106,5.6245,1.37143,5.85762,5.57091,1.90491,2.14497,1.58734	4.52234,3.8959,2.80273,8.73181,12.455,21.2485,2.07988,3.59537,4.22802,57.9075,3.93864,3.8301,2.70307,6.19944,8.1251,2.91591,7.56718,2.15562,9.86214,4.6274,4.07362,1.79877,2.65199
Amb_a_1.0101_21	Amb_t_1.02_6	3.06709,1.47353,1.7959,2.57297,13.0279,17.9145,2.1853,3.07757,3.08756,53.2825,2.21529,3.46457,2.18735,1.17996,7.65719,1.35301,5.70098,1.0,5.67405,1.60577,0.871166,1.54437	4.52234,3.8959,2.80273,8.73181,12.455,21.2485,2.07988,3.59537,4.22802,57.9075,3.93864,3.8301,2.70307,6.19944,8.1251,2.91591,7.56718,2.15562,9.86214,4.6274,4.07362,2.65199
Amb_a_1.0201_19	Amb_t_1.02_6	3.93543,1.71802,1.91887,3.81906,13.9988,22.6097,2.01302,3.51889,3.85917,59.4666,1.88052,3.43783,2.41486,5.78015,8.06255,1.84359,5.51047,2.09605,4.11762,3.32873,1.10736,2.03655,2.06359	4.52234,3.8959,2.80273,8.73181,12.455,21.2485,2.07988,3.59537,4.22802,57.9075,3.93864,3.8301,2.70307,6.19944,8.1251,2.91591,7.56718,2.15562,9.86214,4.6274,4.07362,1.79877,2.65199
Amb_a_1.0101_22	Amb_t_1.02_8	2.13311,0.975427,1.53069,3.11957,0.912895,8.22974,2.10074,62.0591,15.6595,3.66331,8.52319,4.92574,6.38324,2.5921,16.3867,8.80889,2.83742	2.42532,2.80437,2.46078,2.04164,2.37831,11.0639,1.66781,68.5651,13.4209,4.73333,4.23748,6.11066,6.76735,1.03769,18.0421,10.0877,1.08896
Amb_a_1.0201_20	Amb_t_1.02_8	2.20907,0.884923,2.22138,1.17192,2.85483,11.0848,2.1075,2.97429,61.9409,14.7671,4.26952,7.06586,5.71932,2.03969,6.16801,4.47052,18.8502,2.15968,14.6641,2.56748,2.70103	2.42532,2.80437,2.46078,2.04164,2.37831,11.0639,1.66781,1.01379,68.5651,13.4209,4.73333,4.23748,6.11066,1.62025,6.76735,1.03769,18.0421,1.80919,10.0877,1.08896,1.92033
Amb_a_1.0304_19	Amb_t_1.02_8	2.52142,1.22741,1.76387,1.22308,1.53629,2.40458,13.6917,2.76307,7.52571,67.8887,11.4166,3.55661,2.45098,5.19109,6.19205,5.85368,5.0304,17.6119,2.08435,10.4279,2.37117	2.42532,2.80437,2.46078,2.04164,2.37831,1.86326,11.0639,1.66781,1.01379,68.5651,13.4209,4.73333,1.72666,4.23748,6.11066,6.76735,1.03769,18.0421,1.80919,10.0877,1.08896
Amb_a_1.0401_21	Amb_t_1.02_8	2.65035,1.1187,1.27039,1.92445,0.859095,10.2966,2.78167,65.5086,10.2113,3.22545,5.56772,5.60783,6.23066,2.01702,4.40188,18.0336,2.26955,7.28065,2.57789	2.42532,2.80437,2.46078,2.04164,2.37831,11.0639,1.66781,68.5651,13.4209,4.73333,4.23748,6.11066,6.76735,1.03769,1.62832,18.0421,1.25034,10.0877,1.73899
Amb_a_1.0401_22	Amb_t_1.02_9	2.59566,4.58424,1.1875,1.78096,2.18329,11.3546,1.48116,3.01044,0.740575,5.58016,0.533341,5.74688,3.26295,1.48569,3.21806,0.496557,1.33249	1.22529,42.5634,3.20795,2.2453,1.58692,3.7738,2.04007,3.1381,2.42929,8.48689,2.94621,2.75824,12.2836,2.76169,1.53794,2.11904,2.37797
Amb_a_1.0501_11	Amb_t_1.02_11	2.26257,7.82826,1.78135,4.03673,16.463,2.9235,10.2358,1.28804,1.67502,0.792788,6.03479,1.35692,3.42628,18.1146,7.4821,7.36811,4.04655,11.0992,1.198,1.06734,1.17903,1.7016,0.599238	4.11118,8.66597,3.53872,41.181,29.5137,3.49703,16.4833,4.81832,2.53455,18.7137,7.5472,3.643,8.76089,23.4222,7.88987,12.9509,5.14276,7.57943,3.49501,16.0728,3.04487,9.89758,2.54053
Amb_a_1.0101_23	Amb_t_1.02_11	2.50615,7.47637,1.56092,8.93878,2.36958,2.17542,11.5623,2.19468,1.90175,10.5011,5.61832,1.14833,5.31742,24.7165,7.35816,9.65449,6.65351,9.25076,2.36339,0.973906,1.44425,3.08915,0.968742	4.11118,8.66597,3.53872,41.181,29.5137,3.49703,16.4833,4.81832,2.53455,18.7137,7.5472,3.643,8.76089,23.4222,7.88987,12.9509,5.14276,7.57943,3.49501,16.0728,3.04487,9.89758,2.54053
Amb_a_1.0201_21	Amb_t_1.02_11	1.68538,7.96113,2.1484,7.6,18.7145,2.20865,6.06472,2.29473,1.93516,3.25915,6.18419,2.2052,4.18182,19.5654,7.5464,7.8221,7.57548,8.17231,2.52475,1.38594,1.85962,3.28581,1.72071	4.11118,8.66597,3.53872,41.181,29.5137,3.49703,16.4833,4.81832,2.53455,18.7137,7.5472,3.643,8.76089,23.4222,7.88987,12.9509,5.14276,7.57943,3.49501,16.0728,3.04487,9.89758,2.54053
Amb_a_1.0304_20	Amb_t_1.02_11	1.81644,5.66728,2.53854,9.51293,14.2809,2.15056,1.4578,1.73383,1.16492,1.51938,7.79841,2.07341,4.78075,6.94923,8.36225,7.66403,6.95788,4.53311,1.82041,3.76136,1.10395,3.1936,0.943837	4.11118,8.66597,3.53872,41.181,29.5137,3.49703,16.4833,4.81832,2.53455,18.7137,7.5472,3.643,8.76089,23.4222,7.88987,12.9509,5.14276,7.57943,3.49501,16.0728,3.04487,9.89758,2.54053
Amb_a_1.0304_21	Amb_t_1.02_12	1.88703,1.4417,1.21092,2.7415,16.1441,1.32755,1.71376,2.12575,1.20775,2.56101,2.20399,5.50879,5.8741,1.2805,7.79933,4.61996,4.98404,7.10169,2.34478,2.2972,2.42191	3.95438,4.36633,3.41909,22.3129,16.8259,3.51492,10.0461,3.53235,8.83934,2.5055,2.73809,7.25974,18.2399,2.95755,7.05042,9.30621,3.22079,8.56827,3.51688,1.63705,4.99388
Amb_a_1.0201_14	Amb_t_1.02_14	2.40834,7.37801,10.4022,3.67929,2.47957,2.39142,2.11234,3.35156,2.49727,4.16174,3.16118,4.58252,4.37704,2.1165,2.89552,2.29006,4.58469,1.48208,2.93639	1.41595,4.37487,38.7714,4.07623,2.41189,2.19226,2.45127,3.28527,2.22882,8.21084,2.96014,6.45415,4.76256,3.98835,2.23517,2.02133,2.85885,10.7581,3.68164
Amb_a_1.0501_19	Amb_t_1.02_15	6.19544,19.7539,4.66713,1.76203,2.88099,4.05112,2.19166,2.16774,1.24821,5.43432,8.04821,3.31846,6.31351,3.74247,5.36655,3.52682,7.54252,1.55423,3.5443	5.12174,28.6752,44.8821,3.33967,3.20062,1.15216,8.07542,1.44837,3.80727,6.33399,4.25927,1.72006,5.21201,3.14222,3.50035,2.8402,15.4194,2.48952,1.28845
Amb_a_1.0401_18	Amb_t_1.05_1	1.6504,3.68858,4.49818,2.37864,19.5588,1.63879,18.9869,1.70572,2.72648,5.78416,2.01139,7.30357,4.18271,3.87027,12.9657,4.48054,4.84416,34.7625,3.75546	2.28738,5.93338,7.30667,7.49376,5.07827,2.15508,4.15949,2.08186,1.88837,5.69505,1.25087,6.41405,3.43823,16.1297,6.56823,5.11389,3.78091,4.42522,2.36846
Amb_a_1.0401_19	Amb_t_1.05_4	4.52441,1.60122,1.29681,5.89885,2.57656,1.73882,7.18356,0.749529,4.59889,4.27582,1.85328,0.685113	1.73608,4.53244,2.32626,2.36748,30.6986,6.77075,0.603734,2.07533,2.29905,2.69173,4.7027,2.87382
Amb_a_1.0401_3	Amb_t_1.05_5	2.1111,2.00387,9.721,3.16382,2.38526,2.35322,5.03694,6.58327,3.21396,2.68156,3.30293,2.01559	0.426604,5.41558,0.688693,35.5634,0.367256,0.666943,1.00726,17.2434,0.19651,0.327908,0.20439,2.05947
Amb_a_1.0101_19	Amb_t_1.05_5	6.50877,42.6402,2.87101,5.87507,2.85405,4.21438,10.1239,8.51442,2.04439,8.44599,3.47921	5.41558,0.688693,35.5634,0.881835,0.666943,1.00726,17.2434,0.19651,0.327908,2.09762,2.05947
Amb_a_1.0101_20	Amb_t_1.05_6	1.18205,2.4861,4.54185,1.0574,0.931401,0.747253,0.941038,5.56662,4.35462,3.12595,5.5859,1.40545,2.40439,2.07968,1.20706	2.85464,0.895949,4.73862,3.84521,3.95266,2.12198,2.56752,5.08179,4.45953,1.94917,4.89815,2.06608,1.28146,2.11778,3.35483
Amb_a_1.0201_18	Amb_t_1.05_6	8.81704,2.90389,5.16006,2.74105,2.37495,2.36908,1.05604,1.5464,7.41161,8.11626,11.0812,3.51998,1.78004,2.06928,2.13566	2.85464,0.895949,4.73862,3.84521,1.75854,3.95266,2.12198,2.56752,5.08179,4.45953,1.94917,1.7079,2.06608,2.11778,3.35483
Amb_a_1.0304_23	Amb_t_1.05_6	11.6104,3.16521,32.1351,3.60626,2.21503,2.62319,2.76484,2.76645,1.41674,6.31069,14.4057,23.6184,9.12874,15.0455,2.31194,2.39024,3.2142,3.57983	2.85464,0.895949,4.73862,3.84521,1.75854,3.95266,2.12198,1.06936,2.56752,5.08179,4.45953,1.94917,1.7079,4.89815,2.06608,1.28146,2.11778,3.35483
Amb_a_1.0304_18	Amb_t_1.05_7	2.77313,6.72121,6.58669,2.28737,1.35581,2.9604,4.23001,2.23109,21.6613,2.17905,2.47317,3.30999,6.53326,2.25488	4.80478,3.44848,3.16366,2.07634,2.76886,4.70957,4.25272,2.31846,3.08769,2.91864,3.54286,2.73857,1.58315,1.75722
Amb_a_1.0304_6	Amb_t_1.05_8	1.39366,2.55146,3.38685,3.77486,11.7225,23.0392,2.0071,2.97404,2.8927,53.8228,1.27557,3.68206,2.87346,3.76994,6.995,6.06501,1.45714,4.99132,6.57548,2.69471,2.77607,2.61766,1.06292	2.09106,2.63593,3.41418,2.54155,7.40076,14.2035,2.07496,3.03964,6.43778,55.4872,3.66523,3.47112,4.06781,9.28108,7.09405,6.39911,2.05957,4.67969,5.67143,3.32873,1.3773,1.9462,3.2501
Amb_a_1.0401_6	Amb_t_1.05_8	0.947873,0.404521,1.03843,3.60106,14.6565,18.6939,1.94982,2.65273,2.02384,49.9332,1.36276,3.57356,2.07187,1.44527,7.23507,5.71802,0.551368,1.18177,5.26119,1.65505,2.60197	2.09106,2.63593,3.41418,2.54155,7.40076,14.2035,2.07496,3.03964,6.43778,55.4872,3.66523,3.47112,4.06781,9.28108,7.09405,6.39911,2.05957,4.67969,5.67143,3.32873,3.2501
Amb_a_1.0501_6	Amb_t_1.05_8	1.38366,0.878644,1.03672,3.44602,12.1989,17.2565,2.27911,2.73931,5.07377,58.2825,2.96197,3.50739,1.8844,6.10297,7.01342,5.6245,1.37143,1.12516,5.85762,5.57091,2.14497,1.58734	2.09106,2.63593,3.41418,2.54155,7.40076,14.2035,2.07496,3.03964,6.43778,55.4872,3.66523,3.47112,4.06781,9.28108,7.09405,6.39911,2.05957,4.67969,5.67143,3.32873,1.9462,3.2501
Amb_a_1.0101_21	Amb_t_1.05_8	3.06709,1.27539,1.47353,1.7959,2.57297,13.0279,17.9145,2.1853,3.07757,3.08756,53.2825,2.21529,3.46457,2.18735,1.17996,7.65719,5.70098,1.0,1.35323,5.67405,1.60577,1.54437	1.50036,2.09106,2.63593,3.41418,2.54155,7.40076,14.2035,2.07496,3.03964,6.43778,55.4872,3.66523,3.47112,4.06781,9.28108,7.09405,6.39911,2.05957,4.67969,5.67143,3.32873,3.2501
Amb_a_1.0201_19	Amb_t_1.05_8	3.93543,1.01279,1.71802,1.91887,3.81906,13.9988,22.6097,2.01302,3.51889,3.85917,59.4666,1.88052,3.43783,2.41486,5.78015,8.06255,5.51047,2.09605,1.24959,4.11762,3.32873,2.03655,2.06359	1.50036,2.09106,2.63593,3.41418,2.54155,7.40076,14.2035,2.07496,3.03964,6.43778,55.4872,3.66523,3.47112,4.06781,9.28108,7.09405,6.39911,2.05957,4.67969,5.67143,3.32873,1.9462,3.2501
Amb_a_1.0101_22	Amb_t_1.05_10	2.13311,3.11957,8.22974,2.10074,62.0591,15.6595,3.66331,1.95541,8.52319,4.92574,6.38324,2.5921,0.785676,16.3867,8.80889,2.83742,1.66817,1.75908	1.8927,1.953,17.931,1.15528,60.0805,4.06889,2.48701,2.41904,4.85436,2.57178,6.69633,3.67416,2.1919,3.5,4.33053,1.05828,2.11006,4.79699
Amb_a_1.0201_20	Amb_t_1.05_10	2.20907,2.22138,2.85483,11.0848,2.1075,2.97429,61.9409,14.7671,4.26952,1.89128,7.06586,5.71932,2.03969,6.16801,4.47052,1.24344,18.8502,2.15968,14.6641,2.56748,2.70103,1.01264	1.8927,1.29284,1.38514,17.931,1.15528,1.28241,60.0805,4.06889,2.48701,2.41904,4.85436,2.57178,1.30071,6.69633,3.67416,2.1919,3.5,1.27629,4.33053,1.05828,2.11006,4.79699
Amb_a_1.0304_19	Amb_t_1.05_10	2.52142,2.40458,13.6917,2.76307,7.52571,67.8887,11.4166,3.55661,2.45098,5.19109,6.19205,5.85368,5.0304,1.72491,17.6119,2.08435,10.4279,2.37117,1.93224,1.62006	1.8927,0.833564,17.931,1.15528,1.28241,60.0805,4.06889,2.48701,2.41904,4.85436,2.57178,6.69633,3.67416,2.1919,3.5,1.27629,4.33053,1.05828,2.11006,4.79699
Amb_a_1.0401_21	Amb_t_1.05_10	2.65035,10.2966,2.78167,65.5086,10.2113,3.22545,1.86327,5.56772,5.60783,6.23066,2.01702,4.40188,18.0336,2.26955,7.28065,1.17166,2.57789	1.8927,17.931,1.15528,60.0805,4.06889,2.48701,2.41904,4.85436,2.57178,6.69633,3.67416,2.1919,3.5,0.825789,4.33053,2.11006,4.79699
Amb_a_1.0401_22	Amb_t_1.05_11	2.59566,4.58424,1.1875,2.18329,11.3546,3.01044,5.58016,0.533341,5.74688,3.26295,1.48569,3.21806,0.30983	2.08911,4.87409,9.66364,1.67966,4.30131,3.4712,8.08354,3.17739,5.3984,8.1878,2.48927,2.65082,3.21918
Amb_a_1.0501_11	Amb_t_1.05_13	2.26257,7.82826,1.78135,4.03673,16.463,2.9235,10.2358,1.28804,0.792788,6.03479,3.42628,18.1146,7.4821,7.36811,4.04655,11.0992,1.198,1.06734,1.17903,1.7016	3.89984,4.89548,2.44867,14.068,7.48299,2.53646,11.8706,4.57203,12.0264,7.04144,6.96791,21.3988,7.61444,15.5754,5.44558,7.56888,2.2782,2.74074,2.71835,3.02178
Amb_a_1.0101_23	Amb_t_1.05_13	2.50615,7.47637,1.56092,8.93878,2.36958,2.17542,11.5623,2.19468,10.5011,5.61832,5.31742,24.7165,7.35816,9.65449,6.65351,9.25076,2.36339,0.973906,1.44425,3.08915	3.89984,4.89548,2.44867,14.068,7.48299,2.53646,11.8706,4.57203,12.0264,7.04144,6.96791,21.3988,7.61444,15.5754,5.44558,7.56888,2.2782,2.74074,2.71835,3.02178
Amb_a_1.0201_21	Amb_t_1.05_13	1.68538,7.96113,2.1484,7.6,18.7145,2.20865,6.06472,2.29473,3.25915,6.18419,2.2052,4.18182,19.5654,7.5464,7.8221,7.57548,8.17231,2.52475,1.38594,1.85962,3.28581	3.89984,4.89548,2.44867,14.068,7.48299,2.53646,11.8706,4.57203,12.0264,7.04144,1.54165,6.96791,21.3988,7.61444,15.5754,5.44558,7.56888,2.2782,2.74074,2.71835,3.02178
Amb_a_1.0304_20	Amb_t_1.05_13	1.81644,5.66728,2.53854,9.51293,14.2809,2.15056,1.4578,1.73383,1.51938,7.79841,2.07341,4.78075,6.94923,8.36225,7.66403,6.95788,4.53311,1.82041,3.76136,1.10395,3.1936	3.89984,4.89548,2.44867,14.068,7.48299,2.53646,11.8706,4.57203,12.0264,7.04144,1.54165,6.96791,21.3988,7.61444,15.5754,5.44558,7.56888,2.2782,2.74074,2.71835,3.02178
Amb_a_1.0304_21	Amb_t_1.05_14	1.4417,1.21092,2.7415,16.1441,1.71376,2.12575,1.20775,2.56101,1.44241,2.20399,5.50879,5.8741,1.2805,7.79933,4.61996,4.98404,7.10169,2.34478,2.2972,2.42191	7.06329,3.32789,5.27755,3.07738,8.97256,1.64973,6.23251,3.1801,2.00162,2.56144,4.40069,10.9726,3.91893,6.83199,1.69931,1.66371,8.44304,2.22007,2.67703,6.25077
Amb_a_1.0201_22	Amb_t_1.05_15	2.55812,2.76434,2.08026,0.819053,2.77973,4.45869,4.78567,5.72253,5.50941,1.77917,3.16181,2.87273,2.03508	2.70157,6.52632,1.84549,2.49441,1.59221,6.45815,0.808781,3.08005,4.36939,2.74196,1.87259,1.52105,2.02328
Amb_a_1.0304_22	Amb_t_1.05_15	8.23456,1.36685,7.64589,2.3134,7.6562,3.76983,4.38306,2.02484,1.30011,2.2091,1.96969,2.34163,1.11016	2.70157,6.52632,1.18317,1.12119,2.49441,1.19149,6.45815,0.808781,3.08005,4.36939,2.74196,1.52105,2.02328
Amb_a_1.0201_14	Amb_t_1.05_16	2.40834,1.40389,7.37801,10.4022,3.67929,1.4391,2.47957,1.09101,2.39142,2.11234,3.35156,2.49727,4.16174,3.16118,4.58252,4.37704,2.1165,2.89552,2.29006,4.58469,1.48208,2.93639	1.9927,2.14177,6.20105,14.4831,3.41045,2.00756,2.21343,5.57318,1.65368,1.32326,4.05236,1.68993,8.00766,2.99884,4.41556,7.02089,3.64469,2.44376,1.70813,3.45167,8.15233,2.46738
Amb_a_1.0501_19	Amb_t_1.05_17	6.19544,19.7539,4.66713,2.88099,4.05112,2.19166,2.16774,5.43432,8.04821,3.31846,6.31351,3.74247,5.36655,3.52682,7.54252,3.5443	3.33555,11.0364,6.0111,1.84861,3.78722,2.08696,1.36865,3.90297,9.50871,2.64913,1.41982,4.66496,6.89428,4.15359,12.0411,1.81889
Amb_a_1.0401_18	Art_v_6_1	3.68858,4.49818,2.37864,0.72152,19.5588,1.42068,1.63879,18.9869,2.72648,5.78416,2.01139,7.30357,4.18271,3.87027,12.9657,4.48054,0.775635,4.84416,34.7625,1.67498,3.75546	6.61288,23.183,4.20111,2.53023,7.1406,2.13603,2.40793,5.69232,1.59326,5.32343,1.45421,6.34114,1.59793,14.9568,8.00705,4.33569,2.1433,4.43648,1.25806,6.35683,2.77596
Amb_a_1.0201_17	Art_v_6_2	3.8539,2.84645,46.9843,15.8562,12.7331,1.46571,24.2006,2.64947,7.051,5.13905,7.8345,23.0693,7.95886,2.37477,3.73676,1.63069,3.41962,5.43311,2.09017	1.1798,1.88485,3.65131,4.28201,1.46437,2.08865,7.95849,3.40057,1.66486,1.5181,4.68505,1.79723,2.31925,6.55905,2.4355,3.18438,2.911,1.76066,1.03946
Amb_a_1.0401_19	Art_v_6_4	4.52441,5.89885,2.57656,0.490185,1.73882,0.286847,7.18356,1.64668,4.59889,4.27582,1.85328,0.685113	3.36754,3.5685,96.0431,14.1778,2.00008,2.18572,8.91433,7.1981,15.444,9.42938,2.52896,2.28666
Amb_a_1.0401_3	Art_v_6_5	2.1111,2.00387,9.721,3.16382,2.38526,2.35322,5.03694,6.58327,3.21396,2.68156,3.30293,2.01559	0.597446,3.76304,2.9163,20.3038,0.566583,0.32132,1.37665,5.74526,0.943096,1.51139,0.571707,1.43476
Amb_a_1.0101_19	Art_v_6_5	6.50877,42.6402,2.87101,5.87507,2.85405,4.21438,10.1239,8.51442,2.04439,8.44599,3.47921	3.76304,2.9163,20.3038,0.215624,0.32132,1.37665,5.74526,0.943096,1.51139,9.52405,1.43476
Amb_a_1.0101_20	Art_v_6_6	1.18205,2.4861,4.54185,1.0574,1.38008,0.992323,0.931401,0.759731,5.56662,4.35462,3.12595,1.87837,1.40545,2.40439,2.07968	2.02096,22.8896,4.46843,11.8726,2.97818,2.79236,3.1314,2.18365,10.6458,4.74632,4.66237,4.12578,4.25405,2.22537,2.86432
Amb_a_1.0201_18	Art_v_6_6	8.81704,2.90389,5.16006,2.74105,2.37495,1.5096,2.36908,0.962137,7.41161,8.11626,11.0812,3.51998,1.78004,0.731707,2.06928,2.13566	2.02096,22.8896,4.46843,11.8726,2.97818,2.79236,3.1314,2.18365,10.6458,4.74632,4.66237,4.12578,4.25405,2.22537,2.86432,1.2124
Amb_a_1.0304_23	Art_v_6_6	11.6104,3.16521,32.1351,3.60626,2.21503,1.80387,2.62319,2.76484,2.76645,6.31069,14.4057,23.6184,9.12874,2.31194,2.39024,3.2142,3.57983	2.02096,22.8896,4.46843,11.8726,2.97818,2.79236,3.1314,1.02637,2.18365,10.6458,4.74632,4.66237,4.12578,4.25405,2.22537,2.86432,1.2124
Amb_a_1.0304_18	Art_v_6_7	2.77313,6.72121,6.58669,0.570847,2.28737,2.9604,4.23001,2.23109,21.6613,2.17905,2.47317,3.30999,6.53326,2.25488	2.14276,3.41455,1.22746,2.84463,2.25691,1.04554,2.20147,1.37811,7.35195,1.41352,1.67476,2.74139,0.965293,0.909836
Amb_a_1.0304_6	Art_v_6_8	2.55146,3.38685,3.77486,11.7225,23.0392,2.0071,2.97404,2.8927,53.8228,3.68206,2.87346,3.76994,6.995,6.06501,4.99132,6.57548,2.69471,2.77607,2.61766,1.06292	1.03807,2.19727,1.4985,5.6052,12.3716,1.97216,3.48205,3.18629,56.7637,3.32872,1.98612,3.282,7.20683,4.8134,1.04865,6.26738,2.02885,1.7638,1.43819,3.99375
Amb_a_1.0401_6	Art_v_6_8	1.03843,3.60106,14.6565,18.6939,2.65273,2.02384,49.9332,3.57356,2.07187,1.44527,7.23507,5.71802,5.26119,1.65505,2.60197	2.19727,1.4985,5.6052,12.3716,3.48205,3.18629,56.7637,3.32872,1.98612,3.282,7.20683,4.8134,6.26738,2.02885,3.99375
Amb_a_1.0501_6	Art_v_6_8	1.03672,3.44602,12.1989,17.2565,2.27911,2.73931,5.07377,58.2825,2.96197,3.50739,6.10297,7.01342,5.6245,5.85762,5.57091,2.14497,1.58734	2.19727,1.4985,5.6052,12.3716,1.97216,3.48205,3.18629,56.7637,1.35701,3.32872,3.282,7.20683,4.8134,6.26738,2.02885,1.43819,3.99375
Amb_a_1.0101_21	Art_v_6_8	3.06709,1.7959,2.57297,13.0279,17.9145,2.1853,3.07757,3.08756,53.2825,2.21529,3.46457,2.18735,1.17996,7.65719,5.70098,5.67405,1.60577,1.54437	1.69364,2.19727,1.4985,5.6052,12.3716,1.97216,3.48205,3.18629,56.7637,1.35701,3.32872,1.98612,3.282,7.20683,4.8134,6.26738,2.02885,3.99375
Amb_a_1.0201_19	Art_v_6_8	3.93543,1.91887,3.81906,13.9988,22.6097,2.01302,3.51889,3.85917,59.4666,3.43783,2.41486,5.78015,8.06255,5.51047,2.09605,4.11762,3.32873,2.03655,2.06359	1.69364,2.19727,1.4985,5.6052,12.3716,1.97216,3.48205,3.18629,56.7637,3.32872,1.98612,3.282,7.20683,4.8134,1.49301,6.26738,2.02885,1.43819,3.99375
Amb_a_1.0101_22	Art_v_6_10	2.13311,1.22153,0.975427,3.11957,0.912895,0.897445,8.22974,2.10074,62.0591,15.6595,3.66331,8.52319,4.92574,6.38324,2.5921,16.3867,1.24871,8.80889,2.83742	2.42188,2.25749,11.7863,3.61452,3.75918,2.31388,10.0789,1.92177,66.6901,12.1349,4.14617,2.48423,5.48053,7.74486,5.96717,15.849,2.025,11.6232,3.31595
Amb_a_1.0201_20	Art_v_6_10	2.20907,1.96404,0.884923,2.22138,1.17192,2.85483,1.80801,11.0848,2.1075,2.97429,61.9409,14.7671,4.26952,7.06586,5.71932,2.03969,6.16801,4.47052,18.8502,2.15968,14.6641,2.56748,2.70103	2.42188,2.25749,11.7863,1.47791,3.61452,3.75918,2.31388,10.0789,1.92177,1.34016,66.6901,12.1349,4.14617,2.48423,5.48053,1.64649,7.74486,5.96717,15.849,2.025,11.6232,3.31595,1.7269
Amb_a_1.0304_19	Art_v_6_10	2.52142,1.936,1.22741,1.22308,1.53629,2.40458,13.6917,2.76307,7.52571,67.8887,11.4166,3.55661,2.45098,5.19109,6.19205,5.85368,5.0304,17.6119,2.08435,10.4279,2.37117	2.42188,2.25749,11.7863,3.61452,3.75918,2.31388,10.0789,1.92177,1.34016,66.6901,12.1349,4.14617,1.84251,2.48423,5.48053,7.74486,5.96717,15.849,2.025,11.6232,3.31595
Amb_a_1.0401_21	Art_v_6_10	2.65035,1.93312,1.1187,1.92445,0.859095,1.4878,10.2966,2.78167,65.5086,10.2113,3.22545,5.56772,5.60783,6.23066,2.01702,4.40188,18.0336,1.09,2.26955,7.28065,1.10736,2.57789	2.42188,2.25749,11.7863,3.61452,3.75918,2.31388,10.0789,1.92177,66.6901,12.1349,4.14617,2.48423,5.48053,7.74486,5.96717,1.6777,15.849,2.025,1.43484,11.6232,3.31595,1.65664
Amb_a_1.0401_10	Art_v_6_12	1.37121,1.86197,1.15399,8.28068,7.7823,5.9867,4.12571,9.42096,1.28596,3.58069,7.35173,2.69695,2.65044,7.19675,5.60256,2.33469,4.52642,1.55028	2.98997,3.24213,9.26449,5.09773,2.03845,1.80048,0.702241,26.6611,2.01267,1.62799,9.02813,1.14957,1.27637,5.95789,7.56381,2.25191,2.72238,2.10611
Amb_a_1.0501_11	Art_v_6_13	2.26257,7.82826,1.78135,4.03673,16.463,2.9235,10.2358,1.28804,1.67502,0.792788,6.03479,1.35692,3.42628,18.1146,7.4821,7.36811,4.04655,11.0992,1.198,1.06734,1.17903,1.7016,0.599238	1.89194,8.20273,2.38588,25.2367,11.2402,1.76457,11.746,3.01645,2.04571,10.7917,7.80839,2.44483,8.59587,20.9985,7.45498,8.42084,4.78297,8.06941,3.48503,2.13678,2.35895,2.50153,2.74841
Amb_a_1.0101_23	Art_v_6_13	2.50615,7.47637,1.56092,8.93878,2.36958,2.17542,11.5623,2.19468,1.90175,10.5011,5.61832,1.14833,5.31742,24.7165,7.35816,9.65449,6.65351,9.25076,2.36339,0.973906,1.44425,3.08915,0.968742	1.89194,8.20273,2.38588,25.2367,11.2402,1.76457,11.746,3.01645,2.04571,10.7917,7.80839,2.44483,8.59587,20.9985,7.45498,8.42084,4.78297,8.06941,3.48503,2.13678,2.35895,2.50153,2.74841
Amb_a_1.0201_21	Art_v_6_13	7.96113,2.1484,7.6,18.7145,2.20865,6.06472,2.29473,1.93516,3.25915,6.18419,2.2052,4.18182,19.5654,7.5464,7.8221,7.57548,8.17231,2.52475,1.38594,1.85962,3.28581,1.72071	8.20273,2.38588,25.2367,11.2402,1.76457,11.746,3.01645,2.04571,10.7917,7.80839,2.44483,8.59587,20.9985,7.45498,8.42084,4.78297,8.06941,3.48503,2.13678,2.35895,2.50153,2.74841
Amb_a_1.0304_20	Art_v_6_13	5.66728,2.53854,9.51293,14.2809,2.15056,1.4578,1.73383,1.16492,1.51938,7.79841,2.07341,4.78075,6.94923,8.36225,7.66403,6.95788,4.53311,1.82041,3.76136,1.10395,3.1936,0.943837	8.20273,2.38588,25.2367,11.2402,1.76457,11.746,3.01645,2.04571,10.7917,7.80839,2.44483,8.59587,20.9985,7.45498,8.42084,4.78297,8.06941,3.48503,2.13678,2.35895,2.50153,2.74841
Amb_a_1.0304_21	Art_v_6_14	1.4417,1.21092,2.7415,16.1441,1.32755,1.71376,2.12575,1.38466,1.20775,2.56101,2.20399,5.50879,5.8741,7.79933,4.61996,4.98404,7.10169,2.34478,2.2972,2.42191	2.4459,3.45844,5.04762,6.81454,4.32458,10.3177,2.79547,2.25467,3.56028,2.39882,2.3792,4.07181,16.7627,7.65244,2.97552,7.12658,8.3551,3.27015,2.58818,2.22678
Amb_a_1.0201_22	Art_v_6_15	1.95089,1.32069,2.55812,2.76434,1.42205,2.08026,1.84532,0.819053,1.57062,2.77973,4.45869,4.78567,5.72253,5.50941,1.77917,3.16181,1.48752,2.87273,1.01792,2.03508	2.10237,2.44317,14.7225,8.53339,3.20778,1.87523,2.27155,8.37893,2.64851,3.98452,5.6872,2.72559,6.64711,3.06743,2.51021,2.86585,2.64821,4.68134,3.18817,7.09836
Amb_a_1.0304_22	Art_v_6_15	1.54325,1.19534,8.23456,1.36685,7.64589,2.3134,0.738234,7.6562,0.801824,1.99974,3.76983,4.38306,2.02484,1.30011,2.2091,1.96969,1.91172,1.47798,2.34163,1.57348,1.11016	2.10237,2.44317,14.7225,8.53339,3.20778,1.85616,2.27155,8.37893,2.64851,3.98452,1.63792,5.6872,2.72559,6.64711,3.06743,2.51021,2.86585,2.64821,4.68134,3.18817,7.09836
